New Auction


-1.000000000000000056e-01 8.755545962346101163e+00 -1.000000000000000056e-01 -1.000000000000000056e-01 -1.000000000000000056e-01 -1.000000000000000056e-01
7.560099836375107074e+00 6.351437621103589670e+00 5.619593301352614034e+00 -1.000000000000000056e-01 -1.000000000000000056e-01 -1.000000000000000056e-01
5.334114832569484932e+00 4.652430804913181284e+00 8.775256557537849389e+00 4.663522678031281288e+00 -1.000000000000000056e-01 -1.000000000000000056e-01
-1.000000000000000056e-01 8.655545962346101518e+00 -2.000000000000000111e-01 -2.000000000000000111e-01 -2.000000000000000111e-01 -2.000000000000000111e-01
7.460099836375106541e+00 6.251437621103589137e+00 5.519593301352613501e+00 -2.000000000000000111e-01 -2.000000000000000111e-01 -2.000000000000000111e-01
5.234114832569484399e+00 4.552430804913180751e+00 8.675256557537849744e+00 4.563522678031280755e+00 -2.000000000000000111e-01 -2.000000000000000111e-01
-1.000000000000000056e-01 8.555545962346100097e+00 -3.000000000000000444e-01 -3.000000000000000444e-01 -3.000000000000000444e-01 -3.000000000000000444e-01
7.360099836375106896e+00 6.151437621103589493e+00 5.419593301352613857e+00 -3.000000000000000444e-01 -3.000000000000000444e-01 -3.000000000000000444e-01
5.134114832569484754e+00 4.452430804913181106e+00 8.575256557537848323e+00 4.463522678031281110e+00 -3.000000000000000444e-01 -3.000000000000000444e-01
-1.000000000000000056e-01 8.455545962346100453e+00 -4.000000000000000222e-01 -4.000000000000000222e-01 -4.000000000000000222e-01 -4.000000000000000222e-01
7.260099836375106364e+00 6.051437621103588960e+00 5.319593301352613324e+00 -4.000000000000000222e-01 -4.000000000000000222e-01 -4.000000000000000222e-01
5.034114832569484221e+00 4.452430804913181106e+00 8.475256557537848678e+00 4.363522678031280577e+00 -4.000000000000000222e-01 -4.000000000000000222e-01
-1.000000000000000056e-01 8.355545962346100808e+00 -5.000000000000000000e-01 -5.000000000000000000e-01 -5.000000000000000000e-01 -5.000000000000000000e-01
7.160099836375106719e+00 5.951437621103589315e+00 5.219593301352613679e+00 -5.000000000000000000e-01 -5.000000000000000000e-01 -5.000000000000000000e-01
4.934114832569484577e+00 4.452430804913181106e+00 8.375256557537849034e+00 4.263522678031280932e+00 -5.000000000000000000e-01 -5.000000000000000000e-01
-1.000000000000000056e-01 8.255545962346101163e+00 -5.000000000000000000e-01 -5.999999999999999778e-01 -5.999999999999999778e-01 -5.999999999999999778e-01
7.060099836375107074e+00 5.851437621103589670e+00 5.119593301352614034e+00 -5.999999999999999778e-01 -5.999999999999999778e-01 -5.999999999999999778e-01
4.834114832569484932e+00 4.452430804913181106e+00 8.275256557537849389e+00 4.163522678031281288e+00 -5.999999999999999778e-01 -5.999999999999999778e-01
-1.000000000000000056e-01 8.155545962346101518e+00 -5.000000000000000000e-01 -6.999999999999999556e-01 -6.999999999999999556e-01 -6.999999999999999556e-01
6.960099836375106541e+00 5.751437621103589137e+00 5.019593301352613501e+00 -6.999999999999999556e-01 -6.999999999999999556e-01 -6.999999999999999556e-01
4.734114832569484399e+00 4.452430804913181106e+00 8.175256557537849744e+00 4.063522678031280755e+00 -5.999999999999999778e-01 -6.999999999999999556e-01
-1.000000000000000056e-01 8.155545962346101518e+00 -5.999999999999999778e-01 -7.999999999999999334e-01 -7.999999999999999334e-01 -7.999999999999999334e-01
6.860099836375106896e+00 5.651437621103589493e+00 4.919593301352613857e+00 -7.999999999999999334e-01 -7.999999999999999334e-01 -7.999999999999999334e-01
4.634114832569484754e+00 4.452430804913181106e+00 8.075256557537848323e+00 3.963522678031281110e+00 -5.999999999999999778e-01 -7.999999999999999334e-01
-1.000000000000000056e-01 8.155545962346101518e+00 -5.999999999999999778e-01 -8.999999999999999112e-01 -8.999999999999999112e-01 -8.999999999999999112e-01
6.860099836375106896e+00 5.551437621103589848e+00 4.819593301352613324e+00 -8.999999999999999112e-01 -8.999999999999999112e-01 -8.999999999999999112e-01
4.534114832569484221e+00 4.452430804913181106e+00 8.075256557537848323e+00 3.863522678031281021e+00 -5.999999999999999778e-01 -8.999999999999999112e-01
-1.000000000000000056e-01 8.155545962346101518e+00 -5.999999999999999778e-01 -9.999999999999998890e-01 -9.999999999999998890e-01 -9.999999999999998890e-01
6.860099836375106896e+00 5.451437621103589315e+00 4.719593301352613679e+00 -9.999999999999998890e-01 -9.999999999999998890e-01 -9.999999999999998890e-01
4.434114832569484577e+00 4.452430804913181106e+00 8.075256557537848323e+00 3.763522678031280932e+00 -5.999999999999999778e-01 -9.999999999999998890e-01
-1.000000000000000056e-01 8.155545962346101518e+00 -5.999999999999999778e-01 -1.099999999999999867e+00 -1.099999999999999867e+00 -1.099999999999999867e+00
6.860099836375106896e+00 5.351437621103589670e+00 4.619593301352614034e+00 -1.099999999999999867e+00 -1.099999999999999867e+00 -1.099999999999999867e+00
4.334114832569484932e+00 4.452430804913181106e+00 7.975256557537848678e+00 3.663522678031281288e+00 -5.999999999999999778e-01 -1.099999999999999867e+00
-1.000000000000000056e-01 8.155545962346101518e+00 -5.999999999999999778e-01 -1.199999999999999956e+00 -1.199999999999999956e+00 -1.199999999999999956e+00
6.860099836375106896e+00 5.251437621103589137e+00 4.619593301352614034e+00 -1.199999999999999956e+00 -1.199999999999999956e+00 -1.199999999999999956e+00
4.234114832569484399e+00 4.452430804913181106e+00 7.975256557537848678e+00 3.563522678031280755e+00 -5.999999999999999778e-01 -1.199999999999999956e+00
-1.000000000000000056e-01 8.155545962346101518e+00 -5.999999999999999778e-01 -1.300000000000000044e+00 -1.300000000000000044e+00 -1.300000000000000044e+00
6.860099836375106896e+00 5.151437621103589493e+00 4.619593301352614034e+00 -1.300000000000000044e+00 -1.300000000000000044e+00 -1.300000000000000044e+00
4.134114832569484754e+00 4.452430804913181106e+00 7.975256557537848678e+00 3.463522678031281110e+00 -5.999999999999999778e-01 -1.300000000000000044e+00
-1.000000000000000056e-01 8.155545962346101518e+00 -5.999999999999999778e-01 -1.400000000000000133e+00 -1.400000000000000133e+00 -1.400000000000000133e+00
6.860099836375106896e+00 5.051437621103588960e+00 4.619593301352614034e+00 -1.300000000000000044e+00 -1.400000000000000133e+00 -1.400000000000000133e+00
4.034114832569484221e+00 4.452430804913181106e+00 7.975256557537848678e+00 3.363522678031280577e+00 -5.999999999999999778e-01 -1.400000000000000133e+00
-1.000000000000000056e-01 8.155545962346101518e+00 -5.999999999999999778e-01 -1.500000000000000222e+00 -1.500000000000000222e+00 -1.500000000000000222e+00
6.860099836375106896e+00 5.051437621103588960e+00 4.619593301352614034e+00 -1.300000000000000044e+00 -1.500000000000000222e+00 -1.500000000000000222e+00
3.934114832569484577e+00 4.452430804913181106e+00 7.975256557537848678e+00 3.263522678031280932e+00 -5.999999999999999778e-01 -1.500000000000000222e+00
-1.000000000000000056e-01 8.155545962346101518e+00 -5.999999999999999778e-01 -1.600000000000000311e+00 -1.600000000000000311e+00 -1.600000000000000311e+00
6.860099836375106896e+00 5.051437621103588960e+00 4.619593301352614034e+00 -1.400000000000000133e+00 -1.600000000000000311e+00 -1.600000000000000311e+00
3.834114832569484044e+00 4.452430804913181106e+00 7.975256557537848678e+00 3.163522678031280400e+00 -5.999999999999999778e-01 -1.600000000000000311e+00
-1.000000000000000056e-01 8.155545962346101518e+00 -6.999999999999999556e-01 -1.700000000000000400e+00 -1.700000000000000400e+00 -1.700000000000000400e+00
6.860099836375106896e+00 5.051437621103588960e+00 4.619593301352614034e+00 -1.400000000000000133e+00 -1.700000000000000400e+00 -1.700000000000000400e+00
3.734114832569484399e+00 4.452430804913181106e+00 7.975256557537848678e+00 3.163522678031280400e+00 -5.999999999999999778e-01 -1.700000000000000400e+00
-1.000000000000000056e-01 8.155545962346101518e+00 -6.999999999999999556e-01 -1.800000000000000488e+00 -1.800000000000000488e+00 -1.800000000000000488e+00
6.860099836375106896e+00 5.051437621103588960e+00 4.619593301352614034e+00 -1.400000000000000133e+00 -1.800000000000000488e+00 -1.800000000000000488e+00
3.634114832569483866e+00 4.452430804913181106e+00 7.975256557537848678e+00 3.163522678031280400e+00 -5.999999999999999778e-01 -1.800000000000000488e+00
New Auction


7.517610796368860093e+00 7.111425633372104649e+00 5.310268685159750923e+00 5.643451895094260706e+00 3.748530072054557127e+00 -1.000000000000000056e-01
-1.000000000000000056e-01 4.572616226177943055e+00 6.179774288060025711e+00 5.840079766076375023e+00 -1.000000000000000056e-01 -1.000000000000000056e-01
-1.000000000000000056e-01 -1.000000000000000056e-01 7.088969101710548060e+00 -1.000000000000000056e-01 -1.000000000000000056e-01 -1.000000000000000056e-01
7.517610796368860093e+00 7.011425633372104116e+00 5.310268685159750923e+00 5.543451895094260173e+00 3.648530072054557039e+00 -2.000000000000000111e-01
-2.000000000000000111e-01 4.472616226177942522e+00 6.079774288060025178e+00 5.740079766076374490e+00 -2.000000000000000111e-01 -2.000000000000000111e-01
-2.000000000000000111e-01 -2.000000000000000111e-01 6.988969101710547527e+00 -2.000000000000000111e-01 -2.000000000000000111e-01 -2.000000000000000111e-01
7.517610796368860093e+00 6.911425633372104471e+00 5.310268685159750923e+00 5.543451895094260173e+00 3.548530072054557394e+00 -3.000000000000000444e-01
-3.000000000000000444e-01 4.372616226177942877e+00 5.979774288060025533e+00 5.640079766076374845e+00 -3.000000000000000444e-01 -3.000000000000000444e-01
-3.000000000000000444e-01 -3.000000000000000444e-01 6.888969101710547882e+00 -3.000000000000000444e-01 -3.000000000000000444e-01 -3.000000000000000444e-01
7.517610796368860093e+00 6.811425633372103938e+00 5.310268685159750923e+00 5.543451895094260173e+00 3.448530072054557305e+00 -4.000000000000000222e-01
-4.000000000000000222e-01 4.272616226177942345e+00 5.879774288060025000e+00 5.540079766076374312e+00 -4.000000000000000222e-01 -4.000000000000000222e-01
-4.000000000000000222e-01 -3.000000000000000444e-01 6.888969101710547882e+00 -4.000000000000000222e-01 -4.000000000000000222e-01 -4.000000000000000222e-01
7.517610796368860093e+00 6.711425633372104294e+00 5.310268685159750923e+00 5.543451895094260173e+00 3.348530072054557216e+00 -5.000000000000000000e-01
-5.000000000000000000e-01 4.172616226177942700e+00 5.779774288060025356e+00 5.440079766076374668e+00 -5.000000000000000000e-01 -5.000000000000000000e-01
-5.000000000000000000e-01 -3.000000000000000444e-01 6.888969101710547882e+00 -5.000000000000000000e-01 -5.000000000000000000e-01 -5.000000000000000000e-01
7.517610796368860093e+00 6.611425633372104649e+00 5.310268685159750923e+00 5.543451895094260173e+00 3.248530072054557127e+00 -5.999999999999999778e-01
-5.999999999999999778e-01 4.072616226177943055e+00 5.679774288060025711e+00 5.340079766076375023e+00 -5.999999999999999778e-01 -5.999999999999999778e-01
-5.999999999999999778e-01 -3.000000000000000444e-01 6.888969101710547882e+00 -5.999999999999999778e-01 -5.999999999999999778e-01 -5.999999999999999778e-01
7.517610796368860093e+00 6.611425633372104649e+00 5.310268685159750923e+00 5.543451895094260173e+00 3.148530072054557039e+00 -6.999999999999999556e-01
-6.999999999999999556e-01 3.972616226177942522e+00 5.579774288060025178e+00 5.240079766076374490e+00 -6.999999999999999556e-01 -6.999999999999999556e-01
-6.999999999999999556e-01 -3.000000000000000444e-01 6.888969101710547882e+00 -6.999999999999999556e-01 -6.999999999999999556e-01 -6.999999999999999556e-01
7.517610796368860093e+00 6.611425633372104649e+00 5.310268685159750923e+00 5.543451895094260173e+00 3.048530072054557394e+00 -7.999999999999999334e-01
-7.999999999999999334e-01 3.872616226177942877e+00 5.479774288060025533e+00 5.140079766076374845e+00 -7.999999999999999334e-01 -7.999999999999999334e-01
-7.999999999999999334e-01 -3.000000000000000444e-01 6.888969101710547882e+00 -7.999999999999999334e-01 -7.999999999999999334e-01 -7.999999999999999334e-01
7.517610796368860093e+00 6.611425633372104649e+00 5.210268685159750390e+00 5.543451895094260173e+00 2.948530072054557305e+00 -8.999999999999999112e-01
-7.999999999999999334e-01 3.772616226177942789e+00 5.379774288060025000e+00 5.140079766076374845e+00 -8.999999999999999112e-01 -8.999999999999999112e-01
-8.999999999999999112e-01 -3.000000000000000444e-01 6.888969101710547882e+00 -8.999999999999999112e-01 -8.999999999999999112e-01 -8.999999999999999112e-01
7.517610796368860093e+00 6.611425633372104649e+00 5.210268685159750390e+00 5.543451895094260173e+00 2.848530072054557216e+00 -9.999999999999998890e-01
-7.999999999999999334e-01 3.672616226177942700e+00 5.279774288060025356e+00 5.140079766076374845e+00 -9.999999999999998890e-01 -9.999999999999998890e-01
-9.999999999999998890e-01 -3.000000000000000444e-01 6.888969101710547882e+00 -9.999999999999998890e-01 -9.999999999999998890e-01 -9.999999999999998890e-01
7.517610796368860093e+00 6.611425633372104649e+00 5.210268685159750390e+00 5.543451895094260173e+00 2.748530072054557571e+00 -1.099999999999999867e+00
-7.999999999999999334e-01 3.572616226177943055e+00 5.179774288060025711e+00 5.140079766076374845e+00 -1.099999999999999867e+00 -1.099999999999999867e+00
-1.099999999999999867e+00 -3.000000000000000444e-01 6.888969101710547882e+00 -1.099999999999999867e+00 -1.099999999999999867e+00 -1.099999999999999867e+00
7.517610796368860093e+00 6.611425633372104649e+00 5.210268685159750390e+00 5.543451895094260173e+00 2.648530072054557039e+00 -1.199999999999999956e+00
-7.999999999999999334e-01 3.472616226177942522e+00 5.179774288060025711e+00 5.140079766076374845e+00 -1.199999999999999956e+00 -1.199999999999999956e+00
-1.199999999999999956e+00 -3.000000000000000444e-01 6.888969101710547882e+00 -1.199999999999999956e+00 -1.199999999999999956e+00 -1.199999999999999956e+00
7.517610796368860093e+00 6.611425633372104649e+00 5.210268685159750390e+00 5.543451895094260173e+00 2.548530072054557394e+00 -1.300000000000000044e+00
-7.999999999999999334e-01 3.372616226177942877e+00 5.179774288060025711e+00 5.140079766076374845e+00 -1.300000000000000044e+00 -1.300000000000000044e+00
-1.300000000000000044e+00 -3.000000000000000444e-01 6.888969101710547882e+00 -1.300000000000000044e+00 -1.300000000000000044e+00 -1.300000000000000044e+00
7.517610796368860093e+00 6.611425633372104649e+00 5.210268685159750390e+00 5.543451895094260173e+00 2.448530072054556861e+00 -1.400000000000000133e+00
-7.999999999999999334e-01 3.272616226177942345e+00 5.179774288060025711e+00 5.140079766076374845e+00 -1.400000000000000133e+00 -1.400000000000000133e+00
-1.400000000000000133e+00 -3.000000000000000444e-01 6.788969101710547349e+00 -1.400000000000000133e+00 -1.400000000000000133e+00 -1.400000000000000133e+00
7.517610796368860093e+00 6.611425633372104649e+00 5.210268685159750390e+00 5.543451895094260173e+00 2.348530072054557216e+00 -1.500000000000000222e+00
-7.999999999999999334e-01 3.272616226177942345e+00 5.179774288060025711e+00 5.140079766076374845e+00 -1.500000000000000222e+00 -1.500000000000000222e+00
-1.500000000000000222e+00 -3.000000000000000444e-01 6.788969101710547349e+00 -1.500000000000000222e+00 -1.500000000000000222e+00 -1.500000000000000222e+00
7.517610796368860093e+00 6.611425633372104649e+00 5.210268685159750390e+00 5.543451895094260173e+00 2.248530072054556683e+00 -1.600000000000000311e+00
-7.999999999999999334e-01 3.172616226177942700e+00 5.179774288060025711e+00 5.040079766076374312e+00 -1.600000000000000311e+00 -1.600000000000000311e+00
-1.600000000000000311e+00 -3.000000000000000444e-01 6.788969101710547349e+00 -1.600000000000000311e+00 -1.600000000000000311e+00 -1.600000000000000311e+00
7.517610796368860093e+00 6.611425633372104649e+00 5.210268685159750390e+00 5.543451895094260173e+00 2.148530072054557039e+00 -1.700000000000000400e+00
-7.999999999999999334e-01 3.172616226177942700e+00 5.179774288060025711e+00 5.040079766076374312e+00 -1.700000000000000400e+00 -1.700000000000000400e+00
-1.700000000000000400e+00 -3.000000000000000444e-01 6.788969101710547349e+00 -1.700000000000000400e+00 -1.700000000000000400e+00 -1.700000000000000400e+00
7.517610796368860093e+00 6.611425633372104649e+00 5.110268685159750746e+00 5.543451895094260173e+00 2.048530072054556506e+00 -1.800000000000000488e+00
-7.999999999999999334e-01 3.172616226177942700e+00 5.179774288060025711e+00 5.040079766076374312e+00 -1.800000000000000488e+00 -1.800000000000000488e+00
-1.800000000000000488e+00 -3.000000000000000444e-01 6.788969101710547349e+00 -1.800000000000000488e+00 -1.800000000000000488e+00 -1.800000000000000488e+00
7.517610796368860093e+00 6.611425633372104649e+00 5.110268685159750746e+00 5.543451895094260173e+00 1.948530072054556639e+00 -1.900000000000000577e+00
-7.999999999999999334e-01 3.172616226177942700e+00 5.179774288060025711e+00 5.040079766076374312e+00 -1.900000000000000577e+00 -1.900000000000000577e+00
-1.800000000000000488e+00 -3.000000000000000444e-01 6.788969101710547349e+00 -1.900000000000000577e+00 -1.900000000000000577e+00 -1.900000000000000577e+00
7.517610796368860093e+00 6.611425633372104649e+00 5.110268685159750746e+00 5.543451895094260173e+00 1.848530072054556772e+00 -2.000000000000000444e+00
-7.999999999999999334e-01 3.172616226177942700e+00 5.179774288060025711e+00 5.040079766076374312e+00 -2.000000000000000444e+00 -2.000000000000000444e+00
-1.800000000000000488e+00 -3.000000000000000444e-01 6.788969101710547349e+00 -2.000000000000000444e+00 -2.000000000000000444e+00 -2.000000000000000444e+00
New Auction


7.985176288657797272e+00 8.874345939497084501e+00 7.291972846066104630e+00 8.607340185278941291e+00 7.678130128687555178e+00 3.774602012821025365e+00
4.829827774044868960e+00 4.916208596684328747e+00 3.119042177537993954e+00 4.841531487300605008e+00 6.490004051187764134e+00 7.174922306748072742e+00
7.846472454458082169e+00 4.530684518362235735e+00 7.265606424238098882e+00 6.511240802225927382e+00 8.336848833962294592e+00 6.419603399678205591e+00
7.885176288657796739e+00 8.774345939497084856e+00 7.191972846066104097e+00 8.507340185278941647e+00 7.578130128687554645e+00 3.674602012821025276e+00
4.729827774044868427e+00 4.816208596684328214e+00 3.019042177537993865e+00 4.741531487300604475e+00 6.390004051187763601e+00 7.074922306748072209e+00
7.746472454458081636e+00 4.430684518362235202e+00 7.165606424238098349e+00 6.411240802225926849e+00 8.236848833962294947e+00 6.319603399678205058e+00
7.785176288657797095e+00 8.674345939497083435e+00 7.091972846066104452e+00 8.407340185278940226e+00 7.478130128687555001e+00 3.574602012821025632e+00
4.629827774044868782e+00 4.716208596684328569e+00 2.919042177537994220e+00 4.641531487300604830e+00 6.390004051187763601e+00 6.974922306748072565e+00
7.646472454458081991e+00 4.330684518362235558e+00 7.065606424238098704e+00 6.311240802225927204e+00 8.136848833962293526e+00 6.219603399678205413e+00
7.685176288657796562e+00 8.574345939497083791e+00 6.991972846066103919e+00 8.307340185278940581e+00 7.378130128687554468e+00 3.474602012821025543e+00
4.529827774044868249e+00 4.616208596684328036e+00 2.819042177537994132e+00 4.541531487300604297e+00 6.390004051187763601e+00 6.874922306748072032e+00
7.546472454458081458e+00 4.230684518362235025e+00 6.965606424238098171e+00 6.211240802225926672e+00 8.036848833962293881e+00 6.119603399678204880e+00
7.585176288657796917e+00 8.474345939497084146e+00 6.891972846066104275e+00 8.207340185278940936e+00 7.278130128687554823e+00 3.374602012821025454e+00
4.429827774044868605e+00 4.516208596684328391e+00 2.719042177537994043e+00 4.441531487300604653e+00 6.390004051187763601e+00 6.774922306748072387e+00
7.446472454458081813e+00 4.130684518362235380e+00 6.865606424238098526e+00 6.111240802225927027e+00 7.936848833962294236e+00 6.019603399678205236e+00
7.485176288657797272e+00 8.374345939497084501e+00 6.791972846066104630e+00 8.107340185278941291e+00 7.178130128687555178e+00 3.274602012821025365e+00
4.329827774044868960e+00 4.416208596684328747e+00 2.619042177537993954e+00 4.341531487300605008e+00 6.390004051187763601e+00 6.674922306748072742e+00
7.346472454458082169e+00 4.030684518362235735e+00 6.765606424238098882e+00 6.011240802225927382e+00 7.836848833962294592e+00 5.919603399678205591e+00
7.385176288657796739e+00 8.274345939497084856e+00 6.691972846066104097e+00 8.007340185278941647e+00 7.078130128687554645e+00 3.174602012821025276e+00
4.229827774044868427e+00 4.316208596684328214e+00 2.519042177537993865e+00 4.241531487300604475e+00 6.390004051187763601e+00 6.574922306748072209e+00
7.246472454458081636e+00 4.030684518362235735e+00 6.665606424238098349e+00 5.911240802225926849e+00 7.736848833962294059e+00 5.819603399678205058e+00
7.285176288657797095e+00 8.174345939497083435e+00 6.591972846066104452e+00 7.907340185278941114e+00 6.978130128687555001e+00 3.074602012821025632e+00
4.129827774044868782e+00 4.216208596684328569e+00 2.419042177537994220e+00 4.141531487300604830e+00 6.390004051187763601e+00 6.474922306748072565e+00
7.146472454458081991e+00 4.030684518362235735e+00 6.565606424238098704e+00 5.811240802225927204e+00 7.736848833962294059e+00 5.719603399678205413e+00
7.185176288657796562e+00 8.074345939497083791e+00 6.491972846066104808e+00 7.807340185278940581e+00 6.878130128687555356e+00 2.974602012821025543e+00
4.029827774044868249e+00 4.116208596684328924e+00 2.319042177537994132e+00 4.041531487300604297e+00 6.390004051187763601e+00 6.374922306748072032e+00
7.046472454458081458e+00 4.030684518362235735e+00 6.465606424238098171e+00 5.711240802225926672e+00 7.736848833962294059e+00 5.619603399678204880e+00
7.085176288657796917e+00 7.974345939497084146e+00 6.391972846066104275e+00 7.707340185278940936e+00 6.778130128687554823e+00 2.874602012821025454e+00
3.929827774044868605e+00 4.016208596684328391e+00 2.219042177537994043e+00 3.941531487300604653e+00 6.390004051187763601e+00 6.274922306748072387e+00
6.946472454458081813e+00 4.030684518362235735e+00 6.365606424238098526e+00 5.611240802225927027e+00 7.736848833962294059e+00 5.519603399678205236e+00
6.985176288657797272e+00 7.874345939497084501e+00 6.291972846066104630e+00 7.607340185278941291e+00 6.678130128687555178e+00 2.774602012821025809e+00
3.929827774044868605e+00 3.916208596684328747e+00 2.119042177537994398e+00 3.841531487300605008e+00 6.390004051187763601e+00 6.174922306748072742e+00
6.846472454458082169e+00 4.030684518362235735e+00 6.265606424238098882e+00 5.511240802225927382e+00 7.736848833962294059e+00 5.419603399678205591e+00
6.885176288657796739e+00 7.774345939497083968e+00 6.191972846066104097e+00 7.507340185278940758e+00 6.578130128687554645e+00 2.674602012821025276e+00
3.929827774044868605e+00 3.816208596684328214e+00 2.019042177537993865e+00 3.741531487300604475e+00 6.390004051187763601e+00 6.074922306748072209e+00
6.746472454458081636e+00 4.030684518362235735e+00 6.165606424238098349e+00 5.411240802225926849e+00 7.736848833962294059e+00 5.319603399678205058e+00
6.785176288657797095e+00 7.674345939497084323e+00 6.091972846066104452e+00 7.407340185278941114e+00 6.478130128687555001e+00 2.574602012821025632e+00
3.929827774044868605e+00 3.716208596684328569e+00 1.919042177537993998e+00 3.641531487300604830e+00 6.390004051187763601e+00 5.974922306748072565e+00
6.646472454458081991e+00 4.030684518362235735e+00 6.065606424238098704e+00 5.311240802225927204e+00 7.736848833962294059e+00 5.219603399678205413e+00
6.685176288657796562e+00 7.574345939497083791e+00 5.991972846066103919e+00 7.307340185278940581e+00 6.378130128687554468e+00 2.474602012821025099e+00
3.929827774044868605e+00 3.616208596684328036e+00 1.819042177537993910e+00 3.541531487300604297e+00 6.290004051187763956e+00 5.874922306748072032e+00
6.546472454458081458e+00 4.030684518362235735e+00 5.965606424238098171e+00 5.311240802225927204e+00 7.736848833962294059e+00 5.119603399678204880e+00
6.585176288657796917e+00 7.474345939497084146e+00 5.891972846066104275e+00 7.207340185278940936e+00 6.278130128687554823e+00 2.374602012821025454e+00
3.929827774044868605e+00 3.516208596684328391e+00 1.719042177537993821e+00 3.441531487300604653e+00 6.290004051187763956e+00 5.874922306748072032e+00
6.446472454458081813e+00 4.030684518362235735e+00 5.865606424238098526e+00 5.311240802225927204e+00 7.736848833962294059e+00 5.019603399678205236e+00
6.485176288657796384e+00 7.374345939497083613e+00 5.791972846066103742e+00 7.107340185278940403e+00 6.178130128687554290e+00 2.274602012821024921e+00
3.929827774044868605e+00 3.416208596684327858e+00 1.619042177537993732e+00 3.341531487300604120e+00 6.290004051187763956e+00 5.874922306748072032e+00
6.346472454458081280e+00 4.030684518362235735e+00 5.765606424238097993e+00 5.311240802225927204e+00 7.736848833962294059e+00 4.919603399678204703e+00
6.385176288657796739e+00 7.274345939497083968e+00 5.691972846066104097e+00 7.007340185278940758e+00 6.078130128687554645e+00 2.174602012821025276e+00
3.929827774044868605e+00 3.316208596684328214e+00 1.519042177537993643e+00 3.241531487300604475e+00 6.290004051187763956e+00 5.874922306748072032e+00
6.246472454458081636e+00 4.030684518362235735e+00 5.665606424238098349e+00 5.311240802225927204e+00 7.736848833962294059e+00 4.819603399678205058e+00
6.285176288657796206e+00 7.174345939497083435e+00 5.591972846066103564e+00 6.907340185278940226e+00 5.978130128687554112e+00 2.074602012821024744e+00
3.929827774044868605e+00 3.216208596684327681e+00 1.419042177537993554e+00 3.141531487300603942e+00 6.290004051187763956e+00 5.874922306748072032e+00
6.246472454458081636e+00 4.030684518362235735e+00 5.565606424238097816e+00 5.311240802225927204e+00 7.736848833962294059e+00 4.719603399678204525e+00
New Auction


7.812313734618779648e+00 7.634325191014534440e+00 8.661690964947846183e+00 7.187504176598417338e+00 -1.000000000000000056e-01 -1.000000000000000056e-01
3.828195329429775473e+00 8.789801451099519269e+00 3.787915894381638893e+00 -1.000000000000000056e-01 -1.000000000000000056e-01 -1.000000000000000056e-01
-1.000000000000000056e-01 6.172141854502011249e+00 -1.000000000000000056e-01 -1.000000000000000056e-01 -1.000000000000000056e-01 -1.000000000000000056e-01
7.812313734618779648e+00 7.534325191014533907e+00 8.561690964947846538e+00 7.087504176598416805e+00 -2.000000000000000111e-01 -2.000000000000000111e-01
3.728195329429775384e+00 8.689801451099519625e+00 3.687915894381638804e+00 -2.000000000000000111e-01 -2.000000000000000111e-01 -2.000000000000000111e-01
-2.000000000000000111e-01 6.072141854502010716e+00 -2.000000000000000111e-01 -2.000000000000000111e-01 -2.000000000000000111e-01 -2.000000000000000111e-01
7.812313734618779648e+00 7.434325191014534262e+00 8.561690964947846538e+00 6.987504176598417160e+00 -3.000000000000000444e-01 -3.000000000000000444e-01
3.628195329429775740e+00 8.589801451099518204e+00 3.587915894381638715e+00 -3.000000000000000444e-01 -3.000000000000000444e-01 -3.000000000000000444e-01
-3.000000000000000444e-01 5.972141854502011071e+00 -2.000000000000000111e-01 -3.000000000000000444e-01 -3.000000000000000444e-01 -3.000000000000000444e-01
7.812313734618779648e+00 7.334325191014533729e+00 8.561690964947846538e+00 6.887504176598416628e+00 -4.000000000000000222e-01 -4.000000000000000222e-01
3.528195329429775651e+00 8.489801451099518559e+00 3.587915894381638715e+00 -4.000000000000000222e-01 -4.000000000000000222e-01 -4.000000000000000222e-01
-4.000000000000000222e-01 5.872141854502010538e+00 -2.000000000000000111e-01 -4.000000000000000222e-01 -4.000000000000000222e-01 -4.000000000000000222e-01
7.812313734618779648e+00 7.234325191014534084e+00 8.561690964947846538e+00 6.787504176598416983e+00 -5.000000000000000000e-01 -5.000000000000000000e-01
3.428195329429775562e+00 8.389801451099518914e+00 3.587915894381638715e+00 -5.000000000000000000e-01 -5.000000000000000000e-01 -5.000000000000000000e-01
-5.000000000000000000e-01 5.772141854502010894e+00 -2.000000000000000111e-01 -5.000000000000000000e-01 -5.000000000000000000e-01 -5.000000000000000000e-01
7.812313734618779648e+00 7.134325191014534440e+00 8.561690964947846538e+00 6.687504176598417338e+00 -5.999999999999999778e-01 -5.999999999999999778e-01
3.328195329429775473e+00 8.289801451099519269e+00 3.587915894381638715e+00 -5.999999999999999778e-01 -5.999999999999999778e-01 -5.999999999999999778e-01
-5.999999999999999778e-01 5.672141854502011249e+00 -2.000000000000000111e-01 -5.999999999999999778e-01 -5.999999999999999778e-01 -5.999999999999999778e-01
7.812313734618779648e+00 7.034325191014533907e+00 8.561690964947846538e+00 6.587504176598416805e+00 -6.999999999999999556e-01 -6.999999999999999556e-01
3.328195329429775473e+00 8.189801451099519625e+00 3.587915894381638715e+00 -6.999999999999999556e-01 -6.999999999999999556e-01 -6.999999999999999556e-01
-6.999999999999999556e-01 5.672141854502011249e+00 -2.000000000000000111e-01 -6.999999999999999556e-01 -6.999999999999999556e-01 -6.999999999999999556e-01
7.812313734618779648e+00 7.034325191014533907e+00 8.561690964947846538e+00 6.487504176598417160e+00 -7.999999999999999334e-01 -7.999999999999999334e-01
3.328195329429775473e+00 8.089801451099518204e+00 3.587915894381638715e+00 -6.999999999999999556e-01 -7.999999999999999334e-01 -7.999999999999999334e-01
-7.999999999999999334e-01 5.672141854502011249e+00 -2.000000000000000111e-01 -7.999999999999999334e-01 -7.999999999999999334e-01 -7.999999999999999334e-01
7.812313734618779648e+00 7.034325191014533907e+00 8.561690964947846538e+00 6.487504176598417160e+00 -8.999999999999999112e-01 -8.999999999999999112e-01
3.328195329429775473e+00 7.989801451099518559e+00 3.587915894381638715e+00 -6.999999999999999556e-01 -8.999999999999999112e-01 -8.999999999999999112e-01
-8.999999999999999112e-01 5.672141854502011249e+00 -2.000000000000000111e-01 -8.999999999999999112e-01 -8.999999999999999112e-01 -8.999999999999999112e-01
7.812313734618779648e+00 7.034325191014533907e+00 8.561690964947846538e+00 6.487504176598417160e+00 -9.999999999999998890e-01 -9.999999999999998890e-01
3.328195329429775473e+00 7.889801451099518914e+00 3.587915894381638715e+00 -6.999999999999999556e-01 -9.999999999999998890e-01 -9.999999999999998890e-01
-9.999999999999998890e-01 5.672141854502011249e+00 -2.000000000000000111e-01 -9.999999999999998890e-01 -9.999999999999998890e-01 -9.999999999999998890e-01
7.812313734618779648e+00 7.034325191014533907e+00 8.561690964947846538e+00 6.487504176598417160e+00 -1.099999999999999867e+00 -1.099999999999999867e+00
3.328195329429775473e+00 7.789801451099519269e+00 3.587915894381638715e+00 -6.999999999999999556e-01 -1.099999999999999867e+00 -1.099999999999999867e+00
-1.099999999999999867e+00 5.672141854502011249e+00 -2.000000000000000111e-01 -1.099999999999999867e+00 -1.099999999999999867e+00 -1.099999999999999867e+00
7.812313734618779648e+00 7.034325191014533907e+00 8.561690964947846538e+00 6.487504176598417160e+00 -1.199999999999999956e+00 -1.199999999999999956e+00
3.328195329429775473e+00 7.789801451099519269e+00 3.587915894381638715e+00 -6.999999999999999556e-01 -1.199999999999999956e+00 -1.199999999999999956e+00
-1.199999999999999956e+00 5.672141854502011249e+00 -3.000000000000000444e-01 -1.199999999999999956e+00 -1.199999999999999956e+00 -1.199999999999999956e+00
7.812313734618779648e+00 7.034325191014533907e+00 8.561690964947846538e+00 6.487504176598417160e+00 -1.300000000000000044e+00 -1.300000000000000044e+00
3.328195329429775473e+00 7.789801451099519269e+00 3.587915894381638715e+00 -7.999999999999999334e-01 -1.300000000000000044e+00 -1.300000000000000044e+00
-1.300000000000000044e+00 5.672141854502011249e+00 -3.000000000000000444e-01 -1.300000000000000044e+00 -1.300000000000000044e+00 -1.300000000000000044e+00
7.812313734618779648e+00 7.034325191014533907e+00 8.561690964947846538e+00 6.487504176598417160e+00 -1.400000000000000133e+00 -1.400000000000000133e+00
3.328195329429775473e+00 7.789801451099519269e+00 3.587915894381638715e+00 -7.999999999999999334e-01 -1.400000000000000133e+00 -1.400000000000000133e+00
-1.400000000000000133e+00 5.672141854502011249e+00 -3.000000000000000444e-01 -1.400000000000000133e+00 -1.400000000000000133e+00 -1.400000000000000133e+00
7.812313734618779648e+00 7.034325191014533907e+00 8.461690964947845117e+00 6.487504176598417160e+00 -1.500000000000000222e+00 -1.500000000000000222e+00
3.328195329429775473e+00 7.789801451099519269e+00 3.587915894381638715e+00 -7.999999999999999334e-01 -1.500000000000000222e+00 -1.500000000000000222e+00
-1.400000000000000133e+00 5.672141854502011249e+00 -3.000000000000000444e-01 -1.500000000000000222e+00 -1.500000000000000222e+00 -1.500000000000000222e+00
7.812313734618779648e+00 6.934325191014534262e+00 8.461690964947845117e+00 6.487504176598417160e+00 -1.600000000000000311e+00 -1.600000000000000311e+00
3.328195329429775473e+00 7.789801451099519269e+00 3.587915894381638715e+00 -7.999999999999999334e-01 -1.600000000000000311e+00 -1.600000000000000311e+00
-1.400000000000000133e+00 5.672141854502011249e+00 -3.000000000000000444e-01 -1.600000000000000311e+00 -1.600000000000000311e+00 -1.600000000000000311e+00
7.812313734618779648e+00 6.934325191014534262e+00 8.461690964947845117e+00 6.487504176598417160e+00 -1.600000000000000311e+00 -1.700000000000000400e+00
3.328195329429775473e+00 7.789801451099519269e+00 3.587915894381638715e+00 -7.999999999999999334e-01 -1.700000000000000400e+00 -1.700000000000000400e+00
-1.400000000000000133e+00 5.672141854502011249e+00 -3.000000000000000444e-01 -1.700000000000000400e+00 -1.700000000000000400e+00 -1.700000000000000400e+00
7.812313734618779648e+00 6.934325191014534262e+00 8.461690964947845117e+00 6.487504176598417160e+00 -1.600000000000000311e+00 -1.800000000000000488e+00
3.328195329429775473e+00 7.789801451099519269e+00 3.587915894381638715e+00 -7.999999999999999334e-01 -1.800000000000000488e+00 -1.800000000000000488e+00
-1.400000000000000133e+00 5.672141854502011249e+00 -3.000000000000000444e-01 -1.800000000000000488e+00 -1.800000000000000488e+00 -1.800000000000000488e+00
7.812313734618779648e+00 6.934325191014534262e+00 8.461690964947845117e+00 6.487504176598417160e+00 -1.600000000000000311e+00 -1.900000000000000577e+00
3.328195329429775473e+00 7.789801451099519269e+00 3.587915894381638715e+00 -7.999999999999999334e-01 -1.900000000000000577e+00 -1.900000000000000577e+00
-1.400000000000000133e+00 5.672141854502011249e+00 -3.000000000000000444e-01 -1.900000000000000577e+00 -1.900000000000000577e+00 -1.900000000000000577e+00
7.812313734618779648e+00 6.934325191014534262e+00 8.461690964947845117e+00 6.487504176598417160e+00 -1.600000000000000311e+00 -2.000000000000000444e+00
3.328195329429775473e+00 7.789801451099519269e+00 3.587915894381638715e+00 -7.999999999999999334e-01 -2.000000000000000444e+00 -2.000000000000000444e+00
-1.400000000000000133e+00 5.672141854502011249e+00 -3.000000000000000444e-01 -2.000000000000000444e+00 -2.000000000000000444e+00 -2.000000000000000444e+00
7.812313734618779648e+00 6.934325191014534262e+00 8.461690964947845117e+00 6.487504176598417160e+00 -1.600000000000000311e+00 -2.100000000000000533e+00
3.328195329429775473e+00 7.789801451099519269e+00 3.587915894381638715e+00 -7.999999999999999334e-01 -2.100000000000000533e+00 -2.100000000000000533e+00
-1.400000000000000133e+00 5.672141854502011249e+00 -3.000000000000000444e-01 -2.100000000000000533e+00 -2.100000000000000533e+00 -2.100000000000000533e+00
7.812313734618779648e+00 6.934325191014534262e+00 8.461690964947845117e+00 6.487504176598417160e+00 -1.600000000000000311e+00 -2.200000000000000622e+00
3.328195329429775473e+00 7.789801451099519269e+00 3.587915894381638715e+00 -8.999999999999999112e-01 -2.200000000000000622e+00 -2.200000000000000622e+00
-1.400000000000000133e+00 5.672141854502011249e+00 -4.000000000000000222e-01 -2.200000000000000622e+00 -2.200000000000000622e+00 -2.200000000000000622e+00
7.812313734618779648e+00 6.934325191014534262e+00 8.461690964947845117e+00 6.487504176598417160e+00 -1.600000000000000311e+00 -2.300000000000000711e+00
3.328195329429775473e+00 7.789801451099519269e+00 3.587915894381638715e+00 -8.999999999999999112e-01 -2.300000000000000711e+00 -2.300000000000000711e+00
-1.400000000000000133e+00 5.672141854502011249e+00 -4.000000000000000222e-01 -2.300000000000000711e+00 -2.300000000000000711e+00 -2.300000000000000711e+00
7.812313734618779648e+00 6.834325191014533729e+00 8.461690964947845117e+00 6.487504176598417160e+00 -1.600000000000000311e+00 -2.400000000000000799e+00
3.328195329429775473e+00 7.789801451099519269e+00 3.587915894381638715e+00 -8.999999999999999112e-01 -2.400000000000000799e+00 -2.400000000000000799e+00
-1.400000000000000133e+00 5.672141854502011249e+00 -4.000000000000000222e-01 -2.400000000000000799e+00 -2.400000000000000799e+00 -2.400000000000000799e+00
New Auction


7.188217554634301898e+00 4.891806821348959389e+00 3.514773776656492821e+00 -1.000000000000000056e-01 -1.000000000000000056e-01 -1.000000000000000056e-01
6.676735534622499024e+00 3.121688747445919621e+00 8.533375375697852760e+00 7.374573623188259930e+00 -1.000000000000000056e-01 -1.000000000000000056e-01
2.992617529910921892e+00 4.189094833513512306e+00 6.741784893374569876e+00 -1.000000000000000056e-01 -1.000000000000000056e-01 -1.000000000000000056e-01
7.088217554634301365e+00 4.791806821348958856e+00 3.414773776656492732e+00 -2.000000000000000111e-01 -2.000000000000000111e-01 -2.000000000000000111e-01
6.576735534622498491e+00 3.021688747445919532e+00 8.433375375697853116e+00 7.274573623188259397e+00 -2.000000000000000111e-01 -2.000000000000000111e-01
2.892617529910921803e+00 4.089094833513511773e+00 6.641784893374569343e+00 -2.000000000000000111e-01 -2.000000000000000111e-01 -2.000000000000000111e-01
6.988217554634301720e+00 4.691806821348959211e+00 3.314773776656492643e+00 -3.000000000000000444e-01 -3.000000000000000444e-01 -3.000000000000000444e-01
6.476735534622498847e+00 2.921688747445919887e+00 8.333375375697851695e+00 7.174573623188259752e+00 -3.000000000000000444e-01 -3.000000000000000444e-01
2.792617529910922158e+00 3.989094833513512128e+00 6.541784893374569698e+00 -3.000000000000000444e-01 -3.000000000000000444e-01 -3.000000000000000444e-01
6.888217554634301187e+00 4.591806821348958678e+00 3.214773776656492998e+00 -4.000000000000000222e-01 -4.000000000000000222e-01 -4.000000000000000222e-01
6.376735534622498314e+00 2.821688747445919798e+00 8.233375375697852050e+00 7.074573623188259219e+00 -4.000000000000000222e-01 -4.000000000000000222e-01
2.692617529910922070e+00 3.889094833513512040e+00 6.441784893374569165e+00 -4.000000000000000222e-01 -4.000000000000000222e-01 -4.000000000000000222e-01
6.788217554634301543e+00 4.491806821348959033e+00 3.114773776656492910e+00 -5.000000000000000000e-01 -5.000000000000000000e-01 -5.000000000000000000e-01
6.276735534622498669e+00 2.721688747445919709e+00 8.133375375697852405e+00 6.974573623188259575e+00 -5.000000000000000000e-01 -5.000000000000000000e-01
2.592617529910921981e+00 3.789094833513511951e+00 6.341784893374569521e+00 -5.000000000000000000e-01 -5.000000000000000000e-01 -5.000000000000000000e-01
6.688217554634301898e+00 4.391806821348959389e+00 3.014773776656492821e+00 -5.999999999999999778e-01 -5.999999999999999778e-01 -5.999999999999999778e-01
6.176735534622499024e+00 2.621688747445919621e+00 8.033375375697852760e+00 6.874573623188259930e+00 -5.999999999999999778e-01 -5.999999999999999778e-01
2.492617529910921892e+00 3.689094833513511862e+00 6.241784893374569876e+00 -5.999999999999999778e-01 -5.999999999999999778e-01 -5.999999999999999778e-01
6.588217554634301365e+00 4.291806821348958856e+00 2.914773776656493176e+00 -6.999999999999999556e-01 -6.999999999999999556e-01 -6.999999999999999556e-01
6.076735534622498491e+00 2.521688747445919532e+00 7.933375375697852228e+00 6.774573623188259397e+00 -6.999999999999999556e-01 -6.999999999999999556e-01
2.392617529910921803e+00 3.589094833513511773e+00 6.141784893374569343e+00 -6.999999999999999556e-01 -6.999999999999999556e-01 -6.999999999999999556e-01
6.488217554634301720e+00 4.191806821348959211e+00 2.814773776656493087e+00 -7.999999999999999334e-01 -7.999999999999999334e-01 -7.999999999999999334e-01
5.976735534622498847e+00 2.421688747445919887e+00 7.833375375697852583e+00 6.674573623188259752e+00 -7.999999999999999334e-01 -7.999999999999999334e-01
2.292617529910922158e+00 3.489094833513512128e+00 6.041784893374569698e+00 -7.999999999999999334e-01 -7.999999999999999334e-01 -7.999999999999999334e-01
6.388217554634302076e+00 4.091806821348958678e+00 2.714773776656492998e+00 -8.999999999999999112e-01 -8.999999999999999112e-01 -8.999999999999999112e-01
5.876735534622499202e+00 2.321688747445919798e+00 7.733375375697852050e+00 6.574573623188259219e+00 -8.999999999999999112e-01 -8.999999999999999112e-01
2.192617529910922070e+00 3.389094833513512040e+00 5.941784893374569165e+00 -8.999999999999999112e-01 -8.999999999999999112e-01 -8.999999999999999112e-01
6.288217554634301543e+00 3.991806821348959033e+00 2.614773776656492910e+00 -9.999999999999998890e-01 -9.999999999999998890e-01 -9.999999999999998890e-01
5.776735534622498669e+00 2.221688747445919709e+00 7.633375375697852405e+00 6.474573623188259575e+00 -9.999999999999998890e-01 -9.999999999999998890e-01
2.092617529910921981e+00 3.289094833513511951e+00 5.841784893374569521e+00 -9.999999999999998890e-01 -9.999999999999998890e-01 -9.999999999999998890e-01
6.188217554634301898e+00 3.891806821348959389e+00 2.514773776656492821e+00 -1.099999999999999867e+00 -1.099999999999999867e+00 -1.099999999999999867e+00
5.676735534622499024e+00 2.121688747445920065e+00 7.533375375697852760e+00 6.374573623188259930e+00 -1.099999999999999867e+00 -1.099999999999999867e+00
1.992617529910922114e+00 3.189094833513512306e+00 5.741784893374569876e+00 -1.099999999999999867e+00 -1.099999999999999867e+00 -1.099999999999999867e+00
6.088217554634301365e+00 3.791806821348958856e+00 2.414773776656493176e+00 -1.199999999999999956e+00 -1.199999999999999956e+00 -1.199999999999999956e+00
5.576735534622498491e+00 2.021688747445919532e+00 7.433375375697852228e+00 6.274573623188259397e+00 -1.199999999999999956e+00 -1.199999999999999956e+00
1.892617529910922025e+00 3.089094833513511773e+00 5.641784893374569343e+00 -1.199999999999999956e+00 -1.199999999999999956e+00 -1.199999999999999956e+00
5.988217554634301720e+00 3.691806821348959211e+00 2.314773776656492643e+00 -1.300000000000000044e+00 -1.300000000000000044e+00 -1.300000000000000044e+00
5.476735534622498847e+00 1.921688747445919665e+00 7.333375375697852583e+00 6.174573623188259752e+00 -1.300000000000000044e+00 -1.300000000000000044e+00
1.792617529910921936e+00 2.989094833513512128e+00 5.541784893374569698e+00 -1.300000000000000044e+00 -1.300000000000000044e+00 -1.300000000000000044e+00
5.888217554634301187e+00 3.591806821348958678e+00 2.214773776656492998e+00 -1.400000000000000133e+00 -1.400000000000000133e+00 -1.400000000000000133e+00
5.376735534622498314e+00 1.821688747445919576e+00 7.233375375697852050e+00 6.074573623188259219e+00 -1.400000000000000133e+00 -1.400000000000000133e+00
1.692617529910921848e+00 2.889094833513511595e+00 5.441784893374569165e+00 -1.400000000000000133e+00 -1.400000000000000133e+00 -1.400000000000000133e+00
5.788217554634301543e+00 3.491806821348959033e+00 2.114773776656492466e+00 -1.500000000000000222e+00 -1.500000000000000222e+00 -1.500000000000000222e+00
5.276735534622498669e+00 1.721688747445919487e+00 7.133375375697852405e+00 5.974573623188259575e+00 -1.500000000000000222e+00 -1.500000000000000222e+00
1.592617529910921759e+00 2.789094833513511951e+00 5.341784893374569521e+00 -1.500000000000000222e+00 -1.500000000000000222e+00 -1.500000000000000222e+00
5.688217554634301010e+00 3.391806821348958501e+00 2.014773776656492821e+00 -1.600000000000000311e+00 -1.600000000000000311e+00 -1.600000000000000311e+00
5.176735534622498136e+00 1.621688747445919399e+00 7.033375375697851872e+00 5.874573623188259042e+00 -1.600000000000000311e+00 -1.600000000000000311e+00
1.492617529910921670e+00 2.689094833513511418e+00 5.241784893374568988e+00 -1.600000000000000311e+00 -1.600000000000000311e+00 -1.600000000000000311e+00
5.588217554634301365e+00 3.291806821348958856e+00 1.914773776656492510e+00 -1.700000000000000400e+00 -1.700000000000000400e+00 -1.700000000000000400e+00
5.076735534622498491e+00 1.521688747445919310e+00 6.933375375697852228e+00 5.774573623188259397e+00 -1.700000000000000400e+00 -1.700000000000000400e+00
1.392617529910921581e+00 2.589094833513511773e+00 5.141784893374569343e+00 -1.700000000000000400e+00 -1.700000000000000400e+00 -1.700000000000000400e+00
5.488217554634300832e+00 3.191806821348958323e+00 1.814773776656492421e+00 -1.800000000000000488e+00 -1.800000000000000488e+00 -1.800000000000000488e+00
4.976735534622497958e+00 1.421688747445919221e+00 6.833375375697851695e+00 5.674573623188258864e+00 -1.800000000000000488e+00 -1.800000000000000488e+00
1.292617529910921492e+00 2.489094833513511240e+00 5.041784893374568810e+00 -1.800000000000000488e+00 -1.800000000000000488e+00 -1.800000000000000488e+00
New Auction


-1.000000000000000056e-01 8.074893955531935674e+00 5.813837719307167085e+00 4.439091653719833275e+00 -1.000000000000000056e-01 -1.000000000000000056e-01
2.972787720991679095e+00 7.719323627491426976e+00 5.096534552932157069e+00 5.652856110333416950e+00 7.680039938394065402e+00 -1.000000000000000056e-01
-1.000000000000000056e-01 5.482887083785161764e+00 7.856476644987393954e+00 6.925842786907367099e+00 -1.000000000000000056e-01 -1.000000000000000056e-01
-2.000000000000000111e-01 7.974893955531935141e+00 5.713837719307166552e+00 4.339091653719832742e+00 -2.000000000000000111e-01 -2.000000000000000111e-01
2.872787720991679006e+00 7.619323627491426443e+00 4.996534552932156537e+00 5.552856110333416417e+00 7.580039938394064869e+00 -2.000000000000000111e-01
-2.000000000000000111e-01 5.382887083785161231e+00 7.756476644987393421e+00 6.825842786907366566e+00 -2.000000000000000111e-01 -2.000000000000000111e-01
-3.000000000000000444e-01 7.874893955531935497e+00 5.613837719307166907e+00 4.239091653719833097e+00 -3.000000000000000444e-01 -3.000000000000000444e-01
2.772787720991678917e+00 7.519323627491426798e+00 4.896534552932156892e+00 5.452856110333416773e+00 7.480039938394065224e+00 -3.000000000000000444e-01
-3.000000000000000444e-01 5.282887083785161586e+00 7.656476644987393776e+00 6.725842786907366921e+00 -3.000000000000000444e-01 -3.000000000000000444e-01
-4.000000000000000222e-01 7.774893955531934964e+00 5.513837719307166374e+00 4.139091653719832564e+00 -4.000000000000000222e-01 -4.000000000000000222e-01
2.672787720991679272e+00 7.419323627491426265e+00 4.796534552932156359e+00 5.352856110333416240e+00 7.380039938394064691e+00 -4.000000000000000222e-01
-4.000000000000000222e-01 5.182887083785161053e+00 7.556476644987393243e+00 6.625842786907366389e+00 -4.000000000000000222e-01 -4.000000000000000222e-01
-5.000000000000000000e-01 7.674893955531935319e+00 5.413837719307166729e+00 4.039091653719832919e+00 -5.000000000000000000e-01 -5.000000000000000000e-01
2.672787720991679272e+00 7.319323627491426620e+00 4.696534552932156714e+00 5.252856110333416595e+00 7.280039938394065047e+00 -5.000000000000000000e-01
-5.000000000000000000e-01 5.082887083785161408e+00 7.456476644987393598e+00 6.525842786907366744e+00 -5.000000000000000000e-01 -5.000000000000000000e-01
-5.000000000000000000e-01 7.574893955531935674e+00 5.313837719307167085e+00 3.939091653719832831e+00 -5.999999999999999778e-01 -5.999999999999999778e-01
2.672787720991679272e+00 7.219323627491426976e+00 4.596534552932157069e+00 5.152856110333416950e+00 7.180039938394065402e+00 -5.999999999999999778e-01
-5.999999999999999778e-01 4.982887083785161764e+00 7.356476644987393954e+00 6.425842786907367099e+00 -5.999999999999999778e-01 -5.999999999999999778e-01
-5.000000000000000000e-01 7.474893955531935141e+00 5.213837719307166552e+00 3.839091653719832742e+00 -6.999999999999999556e-01 -6.999999999999999556e-01
2.672787720991679272e+00 7.119323627491426443e+00 4.496534552932156537e+00 5.052856110333416417e+00 7.080039938394064869e+00 -6.999999999999999556e-01
-6.999999999999999556e-01 4.882887083785161231e+00 7.256476644987393421e+00 6.325842786907366566e+00 -6.999999999999999556e-01 -6.999999999999999556e-01
-5.000000000000000000e-01 7.474893955531935141e+00 5.113837719307166907e+00 3.739091653719833097e+00 -7.999999999999999334e-01 -7.999999999999999334e-01
2.672787720991679272e+00 7.019323627491426798e+00 4.396534552932156892e+00 4.952856110333416773e+00 6.980039938394065224e+00 -6.999999999999999556e-01
-7.999999999999999334e-01 4.782887083785161586e+00 7.156476644987393776e+00 6.225842786907366921e+00 -7.999999999999999334e-01 -7.999999999999999334e-01
-5.000000000000000000e-01 7.474893955531935141e+00 5.013837719307167262e+00 3.639091653719833008e+00 -8.999999999999999112e-01 -7.999999999999999334e-01
2.672787720991679272e+00 6.919323627491426265e+00 4.296534552932156359e+00 4.852856110333416240e+00 6.880039938394064691e+00 -6.999999999999999556e-01
-8.999999999999999112e-01 4.682887083785161053e+00 7.056476644987393243e+00 6.125842786907366389e+00 -8.999999999999999112e-01 -8.999999999999999112e-01
-5.000000000000000000e-01 7.474893955531935141e+00 4.913837719307166729e+00 3.639091653719833008e+00 -8.999999999999999112e-01 -7.999999999999999334e-01
2.672787720991679272e+00 6.819323627491426620e+00 4.196534552932156714e+00 4.752856110333416595e+00 6.880039938394064691e+00 -6.999999999999999556e-01
-9.999999999999998890e-01 4.582887083785161408e+00 6.956476644987393598e+00 6.025842786907366744e+00 -9.999999999999998890e-01 -9.999999999999998890e-01
-5.000000000000000000e-01 7.474893955531935141e+00 4.813837719307167085e+00 3.639091653719833008e+00 -8.999999999999999112e-01 -7.999999999999999334e-01
2.672787720991679272e+00 6.719323627491426976e+00 4.096534552932157069e+00 4.652856110333416950e+00 6.880039938394064691e+00 -6.999999999999999556e-01
-1.099999999999999867e+00 4.482887083785161764e+00 6.856476644987393954e+00 5.925842786907367099e+00 -1.099999999999999867e+00 -1.099999999999999867e+00
-5.000000000000000000e-01 7.474893955531935141e+00 4.713837719307166552e+00 3.639091653719833008e+00 -8.999999999999999112e-01 -7.999999999999999334e-01
2.672787720991679272e+00 6.619323627491426443e+00 3.996534552932156537e+00 4.552856110333416417e+00 6.880039938394064691e+00 -6.999999999999999556e-01
-1.199999999999999956e+00 4.382887083785161231e+00 6.756476644987393421e+00 5.825842786907366566e+00 -1.199999999999999956e+00 -1.199999999999999956e+00
-5.000000000000000000e-01 7.474893955531935141e+00 4.613837719307166907e+00 3.639091653719833008e+00 -8.999999999999999112e-01 -7.999999999999999334e-01
2.672787720991679272e+00 6.519323627491426798e+00 3.896534552932156892e+00 4.452856110333416773e+00 6.880039938394064691e+00 -6.999999999999999556e-01
-1.300000000000000044e+00 4.282887083785161586e+00 6.656476644987393776e+00 5.725842786907366921e+00 -1.300000000000000044e+00 -1.300000000000000044e+00
-5.000000000000000000e-01 7.474893955531935141e+00 4.513837719307166374e+00 3.639091653719833008e+00 -8.999999999999999112e-01 -7.999999999999999334e-01
2.672787720991679272e+00 6.419323627491426265e+00 3.796534552932156359e+00 4.352856110333416240e+00 6.880039938394064691e+00 -6.999999999999999556e-01
-1.400000000000000133e+00 4.182887083785161053e+00 6.556476644987393243e+00 5.625842786907366389e+00 -1.400000000000000133e+00 -1.400000000000000133e+00
-5.000000000000000000e-01 7.474893955531935141e+00 4.413837719307166729e+00 3.639091653719833008e+00 -8.999999999999999112e-01 -7.999999999999999334e-01
2.672787720991679272e+00 6.319323627491426620e+00 3.696534552932156714e+00 4.252856110333416595e+00 6.880039938394064691e+00 -6.999999999999999556e-01
-1.500000000000000222e+00 4.082887083785161408e+00 6.456476644987393598e+00 5.525842786907366744e+00 -1.500000000000000222e+00 -1.500000000000000222e+00
-5.000000000000000000e-01 7.474893955531935141e+00 4.313837719307166196e+00 3.639091653719833008e+00 -8.999999999999999112e-01 -8.999999999999999112e-01
2.672787720991679272e+00 6.219323627491426087e+00 3.596534552932156181e+00 4.152856110333416062e+00 6.880039938394064691e+00 -6.999999999999999556e-01
-1.600000000000000311e+00 3.982887083785160875e+00 6.356476644987393065e+00 5.425842786907366211e+00 -1.600000000000000311e+00 -1.600000000000000311e+00
-5.000000000000000000e-01 7.474893955531935141e+00 4.213837719307166552e+00 3.639091653719833008e+00 -8.999999999999999112e-01 -8.999999999999999112e-01
2.672787720991679272e+00 6.119323627491426443e+00 3.496534552932156537e+00 4.052856110333416417e+00 6.880039938394064691e+00 -6.999999999999999556e-01
-1.700000000000000400e+00 3.882887083785161231e+00 6.256476644987393421e+00 5.325842786907366566e+00 -1.700000000000000400e+00 -1.700000000000000400e+00
New Auction


3.824854886981754909e+00 3.313321876210756578e+00 7.693688376831772757e+00 6.949621437411271252e+00 -1.000000000000000056e-01 -1.000000000000000056e-01
7.400847714177544390e+00 8.687088959572973224e+00 7.992810644246477025e+00 -1.000000000000000056e-01 -1.000000000000000056e-01 -1.000000000000000056e-01
-1.000000000000000056e-01 7.608808229695554814e+00 -1.000000000000000056e-01 -1.000000000000000056e-01 -1.000000000000000056e-01 -1.000000000000000056e-01
3.724854886981754820e+00 3.213321876210756489e+00 7.593688376831772224e+00 6.849621437411270719e+00 -2.000000000000000111e-01 -2.000000000000000111e-01
7.300847714177543857e+00 8.587088959572973579e+00 7.892810644246476492e+00 -2.000000000000000111e-01 -2.000000000000000111e-01 -2.000000000000000111e-01
-2.000000000000000111e-01 7.608808229695554814e+00 -2.000000000000000111e-01 -2.000000000000000111e-01 -2.000000000000000111e-01 -2.000000000000000111e-01
3.724854886981754820e+00 3.113321876210756400e+00 7.493688376831772580e+00 6.749621437411271074e+00 -3.000000000000000444e-01 -3.000000000000000444e-01
7.200847714177544212e+00 8.487088959572972158e+00 7.792810644246476848e+00 -3.000000000000000444e-01 -3.000000000000000444e-01 -3.000000000000000444e-01
-3.000000000000000444e-01 7.608808229695554814e+00 -3.000000000000000444e-01 -3.000000000000000444e-01 -3.000000000000000444e-01 -3.000000000000000444e-01
3.724854886981754820e+00 3.013321876210756756e+00 7.393688376831772047e+00 6.649621437411270541e+00 -4.000000000000000222e-01 -4.000000000000000222e-01
7.100847714177543679e+00 8.387088959572972513e+00 7.692810644246476315e+00 -4.000000000000000222e-01 -4.000000000000000222e-01 -4.000000000000000222e-01
-4.000000000000000222e-01 7.608808229695554814e+00 -4.000000000000000222e-01 -4.000000000000000222e-01 -4.000000000000000222e-01 -4.000000000000000222e-01
3.724854886981754820e+00 2.913321876210756667e+00 7.293688376831772402e+00 6.549621437411270897e+00 -5.000000000000000000e-01 -5.000000000000000000e-01
7.000847714177544034e+00 8.287088959572972868e+00 7.592810644246476670e+00 -5.000000000000000000e-01 -5.000000000000000000e-01 -5.000000000000000000e-01
-5.000000000000000000e-01 7.608808229695554814e+00 -5.000000000000000000e-01 -5.000000000000000000e-01 -5.000000000000000000e-01 -5.000000000000000000e-01
3.724854886981754820e+00 2.813321876210756578e+00 7.293688376831772402e+00 6.449621437411271252e+00 -5.999999999999999778e-01 -5.999999999999999778e-01
7.000847714177544034e+00 8.187088959572973224e+00 7.592810644246476670e+00 -5.999999999999999778e-01 -5.999999999999999778e-01 -5.999999999999999778e-01
-5.999999999999999778e-01 7.608808229695554814e+00 -5.999999999999999778e-01 -5.999999999999999778e-01 -5.999999999999999778e-01 -5.999999999999999778e-01
3.724854886981754820e+00 2.713321876210756933e+00 7.293688376831772402e+00 6.349621437411270719e+00 -6.999999999999999556e-01 -6.999999999999999556e-01
7.000847714177544034e+00 8.087088959572973579e+00 7.592810644246476670e+00 -6.999999999999999556e-01 -5.999999999999999778e-01 -6.999999999999999556e-01
-6.999999999999999556e-01 7.608808229695554814e+00 -5.999999999999999778e-01 -6.999999999999999556e-01 -5.999999999999999778e-01 -6.999999999999999556e-01
3.724854886981754820e+00 2.613321876210756844e+00 7.293688376831772402e+00 6.249621437411271074e+00 -7.999999999999999334e-01 -7.999999999999999334e-01
7.000847714177544034e+00 7.987088959572973046e+00 7.592810644246476670e+00 -7.999999999999999334e-01 -5.999999999999999778e-01 -7.999999999999999334e-01
-7.999999999999999334e-01 7.608808229695554814e+00 -5.999999999999999778e-01 -7.999999999999999334e-01 -5.999999999999999778e-01 -7.999999999999999334e-01
3.724854886981754820e+00 2.613321876210756844e+00 7.293688376831772402e+00 6.149621437411271430e+00 -8.999999999999999112e-01 -8.999999999999999112e-01
7.000847714177544034e+00 7.887088959572972513e+00 7.592810644246476670e+00 -8.999999999999999112e-01 -5.999999999999999778e-01 -8.999999999999999112e-01
-8.999999999999999112e-01 7.608808229695554814e+00 -5.999999999999999778e-01 -8.999999999999999112e-01 -5.999999999999999778e-01 -8.999999999999999112e-01
3.724854886981754820e+00 2.613321876210756844e+00 7.293688376831772402e+00 6.049621437411270897e+00 -9.999999999999998890e-01 -9.999999999999998890e-01
7.000847714177544034e+00 7.787088959572972868e+00 7.592810644246476670e+00 -9.999999999999998890e-01 -5.999999999999999778e-01 -9.999999999999998890e-01
-9.999999999999998890e-01 7.608808229695554814e+00 -5.999999999999999778e-01 -9.999999999999998890e-01 -5.999999999999999778e-01 -9.999999999999998890e-01
3.724854886981754820e+00 2.613321876210756844e+00 7.293688376831772402e+00 5.949621437411271252e+00 -1.099999999999999867e+00 -1.099999999999999867e+00
7.000847714177544034e+00 7.787088959572972868e+00 7.592810644246476670e+00 -1.099999999999999867e+00 -5.999999999999999778e-01 -9.999999999999998890e-01
-1.099999999999999867e+00 7.608808229695554814e+00 -5.999999999999999778e-01 -1.099999999999999867e+00 -5.999999999999999778e-01 -1.099999999999999867e+00
3.724854886981754820e+00 2.613321876210756844e+00 7.193688376831772757e+00 5.949621437411271252e+00 -1.099999999999999867e+00 -1.099999999999999867e+00
7.000847714177544034e+00 7.787088959572972868e+00 7.592810644246476670e+00 -1.199999999999999956e+00 -5.999999999999999778e-01 -9.999999999999998890e-01
-1.199999999999999956e+00 7.608808229695554814e+00 -5.999999999999999778e-01 -1.099999999999999867e+00 -5.999999999999999778e-01 -1.199999999999999956e+00
3.724854886981754820e+00 2.613321876210756844e+00 7.193688376831772757e+00 5.949621437411271252e+00 -1.099999999999999867e+00 -1.099999999999999867e+00
7.000847714177544034e+00 7.787088959572972868e+00 7.592810644246476670e+00 -1.199999999999999956e+00 -5.999999999999999778e-01 -9.999999999999998890e-01
-1.300000000000000044e+00 7.608808229695554814e+00 -5.999999999999999778e-01 -1.099999999999999867e+00 -5.999999999999999778e-01 -1.300000000000000044e+00
3.724854886981754820e+00 2.613321876210756844e+00 7.193688376831772757e+00 5.949621437411271252e+00 -1.099999999999999867e+00 -1.099999999999999867e+00
7.000847714177544034e+00 7.787088959572972868e+00 7.592810644246476670e+00 -1.199999999999999956e+00 -5.999999999999999778e-01 -9.999999999999998890e-01
-1.300000000000000044e+00 7.608808229695554814e+00 -5.999999999999999778e-01 -1.099999999999999867e+00 -5.999999999999999778e-01 -1.400000000000000133e+00
3.724854886981754820e+00 2.613321876210756844e+00 7.193688376831772757e+00 5.949621437411271252e+00 -1.099999999999999867e+00 -1.099999999999999867e+00
7.000847714177544034e+00 7.787088959572972868e+00 7.592810644246476670e+00 -1.199999999999999956e+00 -5.999999999999999778e-01 -9.999999999999998890e-01
-1.300000000000000044e+00 7.608808229695554814e+00 -5.999999999999999778e-01 -1.099999999999999867e+00 -5.999999999999999778e-01 -1.500000000000000222e+00
3.724854886981754820e+00 2.613321876210756844e+00 7.193688376831772757e+00 5.949621437411271252e+00 -1.099999999999999867e+00 -1.099999999999999867e+00
7.000847714177544034e+00 7.787088959572972868e+00 7.592810644246476670e+00 -1.199999999999999956e+00 -5.999999999999999778e-01 -9.999999999999998890e-01
-1.300000000000000044e+00 7.608808229695554814e+00 -5.999999999999999778e-01 -1.099999999999999867e+00 -5.999999999999999778e-01 -1.600000000000000311e+00
New Auction


-1.000000000000000056e-01 7.896520777932523494e+00 5.570536943747440795e+00 4.789819413538081605e+00 4.457321535368653720e+00 6.984532801090340470e+00
-1.000000000000000056e-01 -1.000000000000000056e-01 6.463898855414807798e+00 6.673139752119544355e+00 4.755719649469875243e+00 -1.000000000000000056e-01
-1.000000000000000056e-01 -1.000000000000000056e-01 -1.000000000000000056e-01 5.111736381787501671e+00 -1.000000000000000056e-01 -1.000000000000000056e-01
-2.000000000000000111e-01 7.796520777932522961e+00 5.470536943747440262e+00 4.689819413538081072e+00 4.357321535368653187e+00 6.884532801090339937e+00
-2.000000000000000111e-01 -2.000000000000000111e-01 6.363898855414807265e+00 6.573139752119543822e+00 4.655719649469874710e+00 -2.000000000000000111e-01
-2.000000000000000111e-01 -2.000000000000000111e-01 -2.000000000000000111e-01 5.011736381787501138e+00 -2.000000000000000111e-01 -2.000000000000000111e-01
-3.000000000000000444e-01 7.696520777932523316e+00 5.370536943747440617e+00 4.589819413538081427e+00 4.257321535368653542e+00 6.784532801090340293e+00
-3.000000000000000444e-01 -3.000000000000000444e-01 6.263898855414807620e+00 6.473139752119544177e+00 4.555719649469875066e+00 -3.000000000000000444e-01
-3.000000000000000444e-01 -3.000000000000000444e-01 -3.000000000000000444e-01 4.911736381787501493e+00 -3.000000000000000444e-01 -3.000000000000000444e-01
-3.000000000000000444e-01 7.596520777932522783e+00 5.270536943747440084e+00 4.489819413538080894e+00 4.157321535368653009e+00 6.684532801090339760e+00
-4.000000000000000222e-01 -4.000000000000000222e-01 6.163898855414807088e+00 6.373139752119543644e+00 4.455719649469874533e+00 -4.000000000000000222e-01
-4.000000000000000222e-01 -4.000000000000000222e-01 -4.000000000000000222e-01 4.811736381787500960e+00 -4.000000000000000222e-01 -4.000000000000000222e-01
-3.000000000000000444e-01 7.496520777932523139e+00 5.170536943747440439e+00 4.389819413538081250e+00 4.057321535368653365e+00 6.584532801090340115e+00
-5.000000000000000000e-01 -5.000000000000000000e-01 6.063898855414807443e+00 6.273139752119543999e+00 4.355719649469874888e+00 -5.000000000000000000e-01
-5.000000000000000000e-01 -5.000000000000000000e-01 -5.000000000000000000e-01 4.711736381787501315e+00 -5.000000000000000000e-01 -5.000000000000000000e-01
-3.000000000000000444e-01 7.396520777932523494e+00 5.170536943747440439e+00 4.289819413538081605e+00 3.957321535368653276e+00 6.484532801090340470e+00
-5.999999999999999778e-01 -5.999999999999999778e-01 5.963898855414807798e+00 6.173139752119544355e+00 4.255719649469875243e+00 -5.999999999999999778e-01
-5.999999999999999778e-01 -5.000000000000000000e-01 -5.999999999999999778e-01 4.611736381787501671e+00 -5.000000000000000000e-01 -5.999999999999999778e-01
-3.000000000000000444e-01 7.296520777932522961e+00 5.170536943747440439e+00 4.189819413538081072e+00 3.857321535368653187e+00 6.384532801090339937e+00
-6.999999999999999556e-01 -6.999999999999999556e-01 5.863898855414807265e+00 6.073139752119543822e+00 4.155719649469874710e+00 -6.999999999999999556e-01
-6.999999999999999556e-01 -5.000000000000000000e-01 -6.999999999999999556e-01 4.511736381787501138e+00 -5.000000000000000000e-01 -6.999999999999999556e-01
-3.000000000000000444e-01 7.196520777932523316e+00 5.170536943747440439e+00 4.089819413538081427e+00 3.757321535368653542e+00 6.284532801090340293e+00
-6.999999999999999556e-01 -7.999999999999999334e-01 5.763898855414807620e+00 6.073139752119543822e+00 4.055719649469875066e+00 -7.999999999999999334e-01
-7.999999999999999334e-01 -5.000000000000000000e-01 -7.999999999999999334e-01 4.411736381787501493e+00 -5.000000000000000000e-01 -7.999999999999999334e-01
-3.000000000000000444e-01 7.096520777932523671e+00 5.170536943747440439e+00 3.989819413538081339e+00 3.657321535368653453e+00 6.184532801090339760e+00
-6.999999999999999556e-01 -8.999999999999999112e-01 5.663898855414807088e+00 6.073139752119543822e+00 3.955719649469874977e+00 -8.999999999999999112e-01
-8.999999999999999112e-01 -5.000000000000000000e-01 -7.999999999999999334e-01 4.311736381787500960e+00 -5.000000000000000000e-01 -8.999999999999999112e-01
-3.000000000000000444e-01 6.996520777932523139e+00 5.170536943747440439e+00 3.889819413538081250e+00 3.557321535368653365e+00 6.084532801090340115e+00
-6.999999999999999556e-01 -9.999999999999998890e-01 5.663898855414807088e+00 6.073139752119543822e+00 3.855719649469874888e+00 -9.999999999999998890e-01
-9.999999999999998890e-01 -5.000000000000000000e-01 -7.999999999999999334e-01 4.211736381787501315e+00 -5.000000000000000000e-01 -9.999999999999998890e-01
-3.000000000000000444e-01 6.896520777932523494e+00 5.170536943747440439e+00 3.789819413538081605e+00 3.457321535368653720e+00 5.984532801090340470e+00
-6.999999999999999556e-01 -1.099999999999999867e+00 5.663898855414807088e+00 6.073139752119543822e+00 3.755719649469875243e+00 -1.099999999999999867e+00
-1.099999999999999867e+00 -5.000000000000000000e-01 -7.999999999999999334e-01 4.111736381787501671e+00 -5.000000000000000000e-01 -1.099999999999999867e+00
-3.000000000000000444e-01 6.796520777932522961e+00 5.170536943747440439e+00 3.689819413538081072e+00 3.357321535368653187e+00 5.884532801090339937e+00
-6.999999999999999556e-01 -1.199999999999999956e+00 5.663898855414807088e+00 6.073139752119543822e+00 3.655719649469874710e+00 -1.199999999999999956e+00
-1.199999999999999956e+00 -5.000000000000000000e-01 -7.999999999999999334e-01 4.011736381787501138e+00 -5.000000000000000000e-01 -1.199999999999999956e+00
-3.000000000000000444e-01 6.696520777932523316e+00 5.170536943747440439e+00 3.589819413538081427e+00 3.357321535368653187e+00 5.784532801090340293e+00
-6.999999999999999556e-01 -1.300000000000000044e+00 5.663898855414807088e+00 6.073139752119543822e+00 3.555719649469875066e+00 -1.199999999999999956e+00
-1.300000000000000044e+00 -5.000000000000000000e-01 -7.999999999999999334e-01 3.911736381787501493e+00 -5.000000000000000000e-01 -1.300000000000000044e+00
New Auction


3.100183216574237566e+00 5.094851261920689822e+00 8.098010234811226837e+00 -1.000000000000000056e-01 -1.000000000000000056e-01 -1.000000000000000056e-01
4.590360969310801842e+00 6.193062755376083750e+00 5.247315921777784276e+00 7.317432135915645119e+00 -1.000000000000000056e-01 -1.000000000000000056e-01
8.232547516427581868e+00 4.272605696894460792e+00 8.039140066481715863e+00 -1.000000000000000056e-01 -1.000000000000000056e-01 -1.000000000000000056e-01
3.000183216574237477e+00 4.994851261920689289e+00 7.998010234811226304e+00 -2.000000000000000111e-01 -2.000000000000000111e-01 -2.000000000000000111e-01
4.490360969310801309e+00 6.093062755376083217e+00 5.147315921777783743e+00 7.217432135915644587e+00 -2.000000000000000111e-01 -2.000000000000000111e-01
8.132547516427582224e+00 4.272605696894460792e+00 7.939140066481715330e+00 -2.000000000000000111e-01 -2.000000000000000111e-01 -2.000000000000000111e-01
2.900183216574237832e+00 4.894851261920689645e+00 7.898010234811226660e+00 -3.000000000000000444e-01 -3.000000000000000444e-01 -3.000000000000000444e-01
4.390360969310801664e+00 5.993062755376083572e+00 5.047315921777784098e+00 7.117432135915644942e+00 -3.000000000000000444e-01 -3.000000000000000444e-01
8.032547516427580803e+00 4.272605696894460792e+00 7.839140066481715685e+00 -3.000000000000000444e-01 -3.000000000000000444e-01 -3.000000000000000444e-01
2.800183216574237743e+00 4.794851261920689112e+00 7.798010234811226127e+00 -4.000000000000000222e-01 -4.000000000000000222e-01 -4.000000000000000222e-01
4.290360969310801131e+00 5.893062755376083039e+00 4.947315921777783565e+00 7.017432135915644409e+00 -4.000000000000000222e-01 -4.000000000000000222e-01
7.932547516427581158e+00 4.272605696894460792e+00 7.739140066481715152e+00 -4.000000000000000222e-01 -4.000000000000000222e-01 -4.000000000000000222e-01
2.700183216574237655e+00 4.694851261920689467e+00 7.698010234811226482e+00 -5.000000000000000000e-01 -5.000000000000000000e-01 -5.000000000000000000e-01
4.190360969310801487e+00 5.793062755376083395e+00 4.847315921777783920e+00 6.917432135915644764e+00 -5.000000000000000000e-01 -5.000000000000000000e-01
7.832547516427581513e+00 4.272605696894460792e+00 7.639140066481715508e+00 -5.000000000000000000e-01 -5.000000000000000000e-01 -5.000000000000000000e-01
2.700183216574237655e+00 4.594851261920689822e+00 7.598010234811226837e+00 -5.999999999999999778e-01 -5.999999999999999778e-01 -5.999999999999999778e-01
4.090360969310801842e+00 5.693062755376083750e+00 4.747315921777784276e+00 6.817432135915645119e+00 -5.999999999999999778e-01 -5.999999999999999778e-01
7.732547516427581868e+00 4.172605696894460259e+00 7.539140066481715863e+00 -5.999999999999999778e-01 -5.000000000000000000e-01 -5.999999999999999778e-01
2.700183216574237655e+00 4.594851261920689822e+00 7.598010234811226837e+00 -6.999999999999999556e-01 -6.999999999999999556e-01 -6.999999999999999556e-01
4.090360969310801842e+00 5.593062755376083217e+00 4.747315921777784276e+00 6.717432135915644587e+00 -6.999999999999999556e-01 -5.999999999999999778e-01
7.632547516427581336e+00 4.172605696894460259e+00 7.439140066481715330e+00 -6.999999999999999556e-01 -5.000000000000000000e-01 -6.999999999999999556e-01
2.700183216574237655e+00 4.594851261920689822e+00 7.598010234811226837e+00 -7.999999999999999334e-01 -7.999999999999999334e-01 -7.999999999999999334e-01
4.090360969310801842e+00 5.493062755376083572e+00 4.647315921777783743e+00 6.617432135915644942e+00 -7.999999999999999334e-01 -5.999999999999999778e-01
7.532547516427581691e+00 4.172605696894460259e+00 7.439140066481715330e+00 -7.999999999999999334e-01 -5.000000000000000000e-01 -7.999999999999999334e-01
2.700183216574237655e+00 4.594851261920689822e+00 7.598010234811226837e+00 -8.999999999999999112e-01 -8.999999999999999112e-01 -8.999999999999999112e-01
4.090360969310801842e+00 5.393062755376083928e+00 4.647315921777783743e+00 6.517432135915644409e+00 -7.999999999999999334e-01 -5.999999999999999778e-01
7.432547516427581158e+00 4.172605696894460259e+00 7.439140066481715330e+00 -8.999999999999999112e-01 -5.000000000000000000e-01 -8.999999999999999112e-01
2.700183216574237655e+00 4.594851261920689822e+00 7.598010234811226837e+00 -9.999999999999998890e-01 -9.999999999999998890e-01 -9.999999999999998890e-01
4.090360969310801842e+00 5.293062755376083395e+00 4.647315921777783743e+00 6.417432135915644764e+00 -8.999999999999999112e-01 -5.999999999999999778e-01
7.332547516427581513e+00 4.172605696894460259e+00 7.339140066481715685e+00 -9.999999999999998890e-01 -5.000000000000000000e-01 -9.999999999999998890e-01
2.700183216574237655e+00 4.594851261920689822e+00 7.598010234811226837e+00 -1.099999999999999867e+00 -1.099999999999999867e+00 -1.099999999999999867e+00
4.090360969310801842e+00 5.193062755376083750e+00 4.647315921777783743e+00 6.317432135915645119e+00 -8.999999999999999112e-01 -5.999999999999999778e-01
7.232547516427581868e+00 4.172605696894460259e+00 7.339140066481715685e+00 -1.099999999999999867e+00 -5.000000000000000000e-01 -1.099999999999999867e+00
2.700183216574237655e+00 4.594851261920689822e+00 7.598010234811226837e+00 -1.099999999999999867e+00 -1.199999999999999956e+00 -1.199999999999999956e+00
4.090360969310801842e+00 5.093062755376083217e+00 4.647315921777783743e+00 6.217432135915644587e+00 -8.999999999999999112e-01 -5.999999999999999778e-01
7.132547516427581336e+00 4.172605696894460259e+00 7.339140066481715685e+00 -1.099999999999999867e+00 -5.000000000000000000e-01 -1.199999999999999956e+00
2.600183216574237566e+00 4.594851261920689822e+00 7.598010234811226837e+00 -1.099999999999999867e+00 -1.300000000000000044e+00 -1.300000000000000044e+00
4.090360969310801842e+00 4.993062755376083572e+00 4.647315921777783743e+00 6.117432135915644942e+00 -8.999999999999999112e-01 -5.999999999999999778e-01
7.032547516427581691e+00 4.172605696894460259e+00 7.339140066481715685e+00 -1.099999999999999867e+00 -5.000000000000000000e-01 -1.300000000000000044e+00
2.600183216574237566e+00 4.594851261920689822e+00 7.598010234811226837e+00 -1.099999999999999867e+00 -1.300000000000000044e+00 -1.300000000000000044e+00
4.090360969310801842e+00 4.893062755376083039e+00 4.647315921777783743e+00 6.117432135915644942e+00 -8.999999999999999112e-01 -5.999999999999999778e-01
6.932547516427581158e+00 4.172605696894460259e+00 7.339140066481715685e+00 -1.099999999999999867e+00 -5.000000000000000000e-01 -1.400000000000000133e+00
2.600183216574237566e+00 4.594851261920689822e+00 7.598010234811226837e+00 -1.099999999999999867e+00 -1.300000000000000044e+00 -1.300000000000000044e+00
4.090360969310801842e+00 4.793062755376083395e+00 4.647315921777783743e+00 6.117432135915644942e+00 -8.999999999999999112e-01 -5.999999999999999778e-01
6.932547516427581158e+00 4.172605696894460259e+00 7.339140066481715685e+00 -1.099999999999999867e+00 -5.000000000000000000e-01 -1.500000000000000222e+00
New Auction


4.641014152657624514e+00 3.056301204651357128e+00 4.635406246270658670e+00 8.136037373142391615e+00 6.930816624627496481e+00 -1.000000000000000056e-01
-1.000000000000000056e-01 4.582650407448473295e+00 7.255766035124709745e+00 5.657342164683166530e+00 -1.000000000000000056e-01 -1.000000000000000056e-01
-1.000000000000000056e-01 -1.000000000000000056e-01 6.510503765133627496e+00 -1.000000000000000056e-01 -1.000000000000000056e-01 -1.000000000000000056e-01
4.541014152657623981e+00 2.956301204651357040e+00 4.535406246270658137e+00 8.036037373142391971e+00 6.830816624627495948e+00 -2.000000000000000111e-01
-2.000000000000000111e-01 4.482650407448472762e+00 7.155766035124709212e+00 5.557342164683165997e+00 -2.000000000000000111e-01 -2.000000000000000111e-01
-2.000000000000000111e-01 -2.000000000000000111e-01 6.410503765133626963e+00 -2.000000000000000111e-01 -2.000000000000000111e-01 -2.000000000000000111e-01
4.441014152657624336e+00 2.856301204651357395e+00 4.435406246270658492e+00 7.936037373142391438e+00 6.730816624627496303e+00 -3.000000000000000444e-01
-3.000000000000000444e-01 4.382650407448473118e+00 7.055766035124709568e+00 5.457342164683166352e+00 -3.000000000000000444e-01 -3.000000000000000444e-01
-3.000000000000000444e-01 -3.000000000000000444e-01 6.310503765133627319e+00 -3.000000000000000444e-01 -3.000000000000000444e-01 -3.000000000000000444e-01
4.441014152657624336e+00 2.756301204651357306e+00 4.335406246270657959e+00 7.836037373142390905e+00 6.630816624627495770e+00 -4.000000000000000222e-01
-4.000000000000000222e-01 4.282650407448472585e+00 6.955766035124709035e+00 5.357342164683165819e+00 -4.000000000000000222e-01 -4.000000000000000222e-01
-4.000000000000000222e-01 -4.000000000000000222e-01 6.210503765133626786e+00 -4.000000000000000222e-01 -4.000000000000000222e-01 -4.000000000000000222e-01
4.441014152657624336e+00 2.656301204651357217e+00 4.335406246270657959e+00 7.736037373142391260e+00 6.530816624627496125e+00 -5.000000000000000000e-01
-5.000000000000000000e-01 4.182650407448472940e+00 6.855766035124709390e+00 5.257342164683166175e+00 -5.000000000000000000e-01 -5.000000000000000000e-01
-5.000000000000000000e-01 -5.000000000000000000e-01 6.110503765133627141e+00 -5.000000000000000000e-01 -5.000000000000000000e-01 -5.000000000000000000e-01
4.441014152657624336e+00 2.556301204651357128e+00 4.335406246270657959e+00 7.636037373142391615e+00 6.430816624627496481e+00 -5.999999999999999778e-01
-5.999999999999999778e-01 4.082650407448473295e+00 6.755766035124709745e+00 5.157342164683166530e+00 -5.000000000000000000e-01 -5.999999999999999778e-01
-5.999999999999999778e-01 -5.000000000000000000e-01 6.110503765133627141e+00 -5.999999999999999778e-01 -5.999999999999999778e-01 -5.999999999999999778e-01
4.441014152657624336e+00 2.456301204651357040e+00 4.335406246270657959e+00 7.536037373142391083e+00 6.330816624627495948e+00 -6.999999999999999556e-01
-6.999999999999999556e-01 3.982650407448472762e+00 6.655766035124709212e+00 5.057342164683165997e+00 -5.000000000000000000e-01 -6.999999999999999556e-01
-6.999999999999999556e-01 -5.000000000000000000e-01 6.110503765133627141e+00 -6.999999999999999556e-01 -5.999999999999999778e-01 -6.999999999999999556e-01
4.441014152657624336e+00 2.356301204651357395e+00 4.335406246270657959e+00 7.436037373142391438e+00 6.230816624627496303e+00 -7.999999999999999334e-01
-7.999999999999999334e-01 3.882650407448473118e+00 6.555766035124709568e+00 5.057342164683165997e+00 -5.000000000000000000e-01 -6.999999999999999556e-01
-7.999999999999999334e-01 -5.000000000000000000e-01 6.110503765133627141e+00 -7.999999999999999334e-01 -5.999999999999999778e-01 -7.999999999999999334e-01
4.441014152657624336e+00 2.256301204651357306e+00 4.335406246270657959e+00 7.336037373142390905e+00 6.130816624627495770e+00 -8.999999999999999112e-01
-7.999999999999999334e-01 3.782650407448473029e+00 6.455766035124709035e+00 5.057342164683165997e+00 -5.000000000000000000e-01 -6.999999999999999556e-01
-8.999999999999999112e-01 -5.000000000000000000e-01 6.110503765133627141e+00 -8.999999999999999112e-01 -5.999999999999999778e-01 -8.999999999999999112e-01
4.441014152657624336e+00 2.156301204651357217e+00 4.335406246270657959e+00 7.236037373142391260e+00 6.030816624627496125e+00 -9.999999999999998890e-01
-7.999999999999999334e-01 3.682650407448472940e+00 6.455766035124709035e+00 5.057342164683165997e+00 -5.000000000000000000e-01 -6.999999999999999556e-01
-9.999999999999998890e-01 -5.000000000000000000e-01 6.110503765133627141e+00 -9.999999999999998890e-01 -5.999999999999999778e-01 -9.999999999999998890e-01
4.441014152657624336e+00 2.156301204651357217e+00 4.335406246270657959e+00 7.136037373142391615e+00 5.930816624627496481e+00 -1.099999999999999867e+00
-7.999999999999999334e-01 3.582650407448473295e+00 6.455766035124709035e+00 5.057342164683165997e+00 -5.000000000000000000e-01 -6.999999999999999556e-01
-1.099999999999999867e+00 -5.000000000000000000e-01 6.110503765133627141e+00 -1.099999999999999867e+00 -5.999999999999999778e-01 -1.099999999999999867e+00
4.441014152657624336e+00 2.156301204651357217e+00 4.335406246270657959e+00 7.136037373142391615e+00 5.930816624627496481e+00 -1.199999999999999956e+00
-7.999999999999999334e-01 3.482650407448472762e+00 6.455766035124709035e+00 5.057342164683165997e+00 -5.000000000000000000e-01 -6.999999999999999556e-01
-1.199999999999999956e+00 -5.000000000000000000e-01 6.110503765133627141e+00 -1.199999999999999956e+00 -5.999999999999999778e-01 -1.199999999999999956e+00
4.441014152657624336e+00 2.156301204651357217e+00 4.335406246270657959e+00 7.136037373142391615e+00 5.930816624627496481e+00 -1.300000000000000044e+00
-7.999999999999999334e-01 3.382650407448473118e+00 6.455766035124709035e+00 5.057342164683165997e+00 -5.000000000000000000e-01 -6.999999999999999556e-01
-1.300000000000000044e+00 -5.000000000000000000e-01 6.110503765133627141e+00 -1.300000000000000044e+00 -5.999999999999999778e-01 -1.300000000000000044e+00
4.441014152657624336e+00 2.156301204651357217e+00 4.335406246270657959e+00 7.136037373142391615e+00 5.930816624627496481e+00 -1.400000000000000133e+00
-7.999999999999999334e-01 3.282650407448472585e+00 6.455766035124709035e+00 5.057342164683165997e+00 -5.000000000000000000e-01 -6.999999999999999556e-01
-1.400000000000000133e+00 -5.000000000000000000e-01 6.110503765133627141e+00 -1.400000000000000133e+00 -5.999999999999999778e-01 -1.400000000000000133e+00
4.441014152657624336e+00 2.156301204651357217e+00 4.335406246270657959e+00 7.136037373142391615e+00 5.930816624627496481e+00 -1.400000000000000133e+00
-7.999999999999999334e-01 3.282650407448472585e+00 6.455766035124709035e+00 5.057342164683165997e+00 -5.000000000000000000e-01 -6.999999999999999556e-01
-1.400000000000000133e+00 -5.000000000000000000e-01 6.110503765133627141e+00 -1.500000000000000222e+00 -5.999999999999999778e-01 -1.500000000000000222e+00
4.441014152657624336e+00 2.156301204651357217e+00 4.335406246270657959e+00 7.136037373142391615e+00 5.930816624627496481e+00 -1.400000000000000133e+00
-7.999999999999999334e-01 3.282650407448472585e+00 6.455766035124709035e+00 5.057342164683165997e+00 -5.000000000000000000e-01 -6.999999999999999556e-01
-1.400000000000000133e+00 -5.000000000000000000e-01 6.110503765133627141e+00 -1.500000000000000222e+00 -5.999999999999999778e-01 -1.600000000000000311e+00
4.441014152657624336e+00 2.156301204651357217e+00 4.335406246270657959e+00 7.136037373142391615e+00 5.930816624627496481e+00 -1.400000000000000133e+00
-7.999999999999999334e-01 3.282650407448472585e+00 6.455766035124709035e+00 5.057342164683165997e+00 -5.000000000000000000e-01 -6.999999999999999556e-01
-1.400000000000000133e+00 -5.000000000000000000e-01 6.110503765133627141e+00 -1.500000000000000222e+00 -5.999999999999999778e-01 -1.700000000000000400e+00
New Auction


-1.000000000000000056e-01 -1.000000000000000056e-01 4.272855442062141407e+00 -1.000000000000000056e-01 -1.000000000000000056e-01 -1.000000000000000056e-01
-1.000000000000000056e-01 7.723804865700556910e+00 3.368833187157350029e+00 5.530455688529574587e+00 -1.000000000000000056e-01 -1.000000000000000056e-01
3.740936986792213315e+00 6.851446544003517047e+00 3.729054905934740649e+00 4.801371266480878752e+00 3.184367442591098385e+00 -1.000000000000000056e-01
-2.000000000000000111e-01 -2.000000000000000111e-01 4.172855442062140874e+00 -2.000000000000000111e-01 -2.000000000000000111e-01 -2.000000000000000111e-01
-2.000000000000000111e-01 7.623804865700556377e+00 3.268833187157349940e+00 5.430455688529574054e+00 -2.000000000000000111e-01 -2.000000000000000111e-01
3.640936986792213226e+00 6.751446544003516514e+00 3.629054905934740560e+00 4.701371266480878219e+00 3.084367442591098296e+00 -2.000000000000000111e-01
-3.000000000000000444e-01 -3.000000000000000444e-01 4.072855442062141229e+00 -3.000000000000000444e-01 -3.000000000000000444e-01 -3.000000000000000444e-01
-2.000000000000000111e-01 7.523804865700556732e+00 3.168833187157350295e+00 5.330455688529574410e+00 -3.000000000000000444e-01 -3.000000000000000444e-01
3.540936986792213581e+00 6.651446544003516870e+00 3.529054905934740916e+00 4.601371266480878575e+00 2.984367442591098651e+00 -3.000000000000000444e-01
-4.000000000000000222e-01 -4.000000000000000222e-01 4.072855442062141229e+00 -4.000000000000000222e-01 -4.000000000000000222e-01 -4.000000000000000222e-01
-2.000000000000000111e-01 7.423804865700556199e+00 3.068833187157350206e+00 5.230455688529573877e+00 -4.000000000000000222e-01 -4.000000000000000222e-01
3.440936986792213492e+00 6.551446544003516337e+00 3.429054905934740827e+00 4.501371266480878042e+00 2.884367442591098563e+00 -4.000000000000000222e-01
-4.000000000000000222e-01 -5.000000000000000000e-01 4.072855442062141229e+00 -5.000000000000000000e-01 -5.000000000000000000e-01 -5.000000000000000000e-01
-2.000000000000000111e-01 7.323804865700556554e+00 2.968833187157350118e+00 5.130455688529574232e+00 -5.000000000000000000e-01 -5.000000000000000000e-01
3.340936986792213403e+00 6.451446544003516692e+00 3.329054905934740738e+00 4.401371266480878397e+00 2.784367442591098474e+00 -5.000000000000000000e-01
-4.000000000000000222e-01 -5.999999999999999778e-01 4.072855442062141229e+00 -5.999999999999999778e-01 -5.999999999999999778e-01 -5.999999999999999778e-01
-2.000000000000000111e-01 7.223804865700556910e+00 2.868833187157350029e+00 5.030455688529574587e+00 -5.999999999999999778e-01 -5.999999999999999778e-01
3.240936986792213315e+00 6.351446544003517047e+00 3.229054905934740649e+00 4.301371266480878752e+00 2.684367442591098385e+00 -5.999999999999999778e-01
-4.000000000000000222e-01 -6.999999999999999556e-01 4.072855442062141229e+00 -6.999999999999999556e-01 -6.999999999999999556e-01 -6.999999999999999556e-01
-2.000000000000000111e-01 7.123804865700556377e+00 2.768833187157349940e+00 4.930455688529574054e+00 -6.999999999999999556e-01 -6.999999999999999556e-01
3.140936986792213226e+00 6.251446544003516514e+00 3.229054905934740649e+00 4.201371266480878219e+00 2.684367442591098385e+00 -6.999999999999999556e-01
-4.000000000000000222e-01 -7.999999999999999334e-01 4.072855442062141229e+00 -7.999999999999999334e-01 -7.999999999999999334e-01 -7.999999999999999334e-01
-2.000000000000000111e-01 7.023804865700556732e+00 2.668833187157350295e+00 4.830455688529574410e+00 -7.999999999999999334e-01 -6.999999999999999556e-01
3.040936986792213581e+00 6.251446544003516514e+00 3.229054905934740649e+00 4.101371266480878575e+00 2.684367442591098385e+00 -7.999999999999999334e-01
-4.000000000000000222e-01 -8.999999999999999112e-01 4.072855442062141229e+00 -8.999999999999999112e-01 -8.999999999999999112e-01 -8.999999999999999112e-01
-2.000000000000000111e-01 6.923804865700557087e+00 2.568833187157350206e+00 4.730455688529573877e+00 -8.999999999999999112e-01 -6.999999999999999556e-01
2.940936986792213492e+00 6.251446544003516514e+00 3.229054905934740649e+00 4.001371266480878930e+00 2.684367442591098385e+00 -8.999999999999999112e-01
-4.000000000000000222e-01 -9.999999999999998890e-01 4.072855442062141229e+00 -9.999999999999998890e-01 -9.999999999999998890e-01 -9.999999999999998890e-01
-2.000000000000000111e-01 6.823804865700556554e+00 2.468833187157350118e+00 4.630455688529574232e+00 -9.999999999999998890e-01 -6.999999999999999556e-01
2.840936986792213403e+00 6.251446544003516514e+00 3.229054905934740649e+00 3.901371266480878397e+00 2.684367442591098385e+00 -9.999999999999998890e-01
-4.000000000000000222e-01 -1.099999999999999867e+00 4.072855442062141229e+00 -1.099999999999999867e+00 -1.099999999999999867e+00 -1.099999999999999867e+00
-2.000000000000000111e-01 6.723804865700556910e+00 2.368833187157350473e+00 4.630455688529574232e+00 -9.999999999999998890e-01 -6.999999999999999556e-01
2.740936986792213759e+00 6.251446544003516514e+00 3.229054905934740649e+00 3.801371266480878752e+00 2.684367442591098385e+00 -1.099999999999999867e+00
-4.000000000000000222e-01 -1.199999999999999956e+00 4.072855442062141229e+00 -1.199999999999999956e+00 -1.199999999999999956e+00 -1.199999999999999956e+00
-2.000000000000000111e-01 6.623804865700556377e+00 2.368833187157350473e+00 4.630455688529574232e+00 -9.999999999999998890e-01 -6.999999999999999556e-01
2.640936986792213226e+00 6.251446544003516514e+00 3.229054905934740649e+00 3.701371266480878219e+00 2.684367442591098385e+00 -1.199999999999999956e+00
-4.000000000000000222e-01 -1.199999999999999956e+00 4.072855442062141229e+00 -1.199999999999999956e+00 -1.300000000000000044e+00 -1.300000000000000044e+00
-2.000000000000000111e-01 6.523804865700556732e+00 2.368833187157350473e+00 4.630455688529574232e+00 -9.999999999999998890e-01 -6.999999999999999556e-01
2.540936986792213581e+00 6.251446544003516514e+00 3.229054905934740649e+00 3.601371266480878575e+00 2.684367442591098385e+00 -1.300000000000000044e+00
-4.000000000000000222e-01 -1.199999999999999956e+00 4.072855442062141229e+00 -1.199999999999999956e+00 -1.300000000000000044e+00 -1.400000000000000133e+00
-2.000000000000000111e-01 6.423804865700556199e+00 2.368833187157350473e+00 4.630455688529574232e+00 -9.999999999999998890e-01 -6.999999999999999556e-01
2.440936986792213048e+00 6.251446544003516514e+00 3.229054905934740649e+00 3.501371266480878042e+00 2.684367442591098385e+00 -1.400000000000000133e+00
-4.000000000000000222e-01 -1.199999999999999956e+00 4.072855442062141229e+00 -1.199999999999999956e+00 -1.300000000000000044e+00 -1.400000000000000133e+00
-2.000000000000000111e-01 6.323804865700556554e+00 2.368833187157350473e+00 4.630455688529574232e+00 -9.999999999999998890e-01 -6.999999999999999556e-01
2.340936986792213403e+00 6.251446544003516514e+00 3.229054905934740649e+00 3.401371266480878397e+00 2.684367442591098385e+00 -1.500000000000000222e+00
-4.000000000000000222e-01 -1.199999999999999956e+00 4.072855442062141229e+00 -1.199999999999999956e+00 -1.300000000000000044e+00 -1.400000000000000133e+00
-2.000000000000000111e-01 6.223804865700556022e+00 2.368833187157350473e+00 4.630455688529574232e+00 -9.999999999999998890e-01 -6.999999999999999556e-01
2.240936986792212871e+00 6.251446544003516514e+00 3.229054905934740649e+00 3.301371266480877864e+00 2.684367442591098385e+00 -1.600000000000000311e+00
New Auction


5.640211217249075482e+00 3.017213905477277525e+00 4.464647881646465422e+00 8.395639107936071710e+00 7.750483778648177946e+00 7.966924815382645519e+00
3.683134218629766199e+00 2.945554784223754385e+00 3.895012748636252908e+00 7.139164780766360074e+00 6.778736568966710507e+00 6.680622829176658506e+00
7.497234233708639728e+00 4.751877343839227663e+00 6.235679816732438319e+00 3.623752325249441686e+00 3.641284886174021462e+00 3.998943968517580938e+00
5.540211217249074949e+00 2.917213905477277436e+00 4.364647881646464889e+00 8.295639107936072065e+00 7.650483778648177413e+00 7.866924815382644987e+00
3.583134218629766110e+00 2.845554784223754297e+00 3.795012748636252820e+00 7.039164780766359542e+00 6.678736568966709974e+00 6.580622829176657973e+00
7.397234233708639195e+00 4.651877343839227130e+00 6.235679816732438319e+00 3.523752325249441597e+00 3.541284886174021374e+00 3.898943968517580849e+00
5.440211217249075304e+00 2.817213905477277791e+00 4.264647881646465244e+00 8.195639107936070644e+00 7.550483778648177768e+00 7.766924815382645342e+00
3.483134218629766465e+00 2.745554784223754652e+00 3.695012748636252731e+00 6.939164780766359897e+00 6.578736568966710330e+00 6.480622829176658328e+00
7.297234233708639550e+00 4.551877343839227485e+00 6.235679816732438319e+00 3.423752325249441952e+00 3.441284886174021729e+00 3.798943968517581204e+00
5.340211217249074771e+00 2.717213905477277702e+00 4.264647881646465244e+00 8.095639107936070999e+00 7.450483778648177235e+00 7.666924815382644809e+00
3.383134218629766377e+00 2.645554784223754563e+00 3.595012748636253086e+00 6.839164780766359364e+00 6.478736568966709797e+00 6.380622829176657795e+00
7.197234233708639017e+00 4.451877343839226953e+00 6.235679816732438319e+00 3.323752325249441864e+00 3.341284886174021640e+00 3.698943968517581116e+00
5.240211217249075126e+00 2.617213905477277613e+00 4.264647881646465244e+00 7.995639107936071355e+00 7.350483778648177591e+00 7.566924815382645164e+00
3.283134218629766288e+00 2.545554784223754474e+00 3.495012748636252997e+00 6.739164780766359719e+00 6.378736568966710152e+00 6.280622829176658151e+00
7.097234233708639373e+00 4.451877343839226953e+00 6.235679816732438319e+00 3.223752325249441775e+00 3.241284886174021551e+00 3.598943968517581027e+00
5.240211217249075126e+00 2.517213905477277525e+00 4.264647881646465244e+00 7.895639107936071710e+00 7.250483778648177946e+00 7.466924815382645519e+00
3.183134218629766199e+00 2.445554784223754385e+00 3.395012748636252908e+00 6.639164780766360074e+00 6.278736568966710507e+00 6.180622829176658506e+00
6.997234233708639728e+00 4.451877343839226953e+00 6.235679816732438319e+00 3.123752325249441686e+00 3.141284886174021462e+00 3.498943968517580938e+00
5.240211217249075126e+00 2.417213905477277436e+00 4.264647881646465244e+00 7.795639107936071177e+00 7.150483778648177413e+00 7.366924815382644987e+00
3.083134218629766110e+00 2.345554784223754297e+00 3.295012748636253264e+00 6.539164780766359542e+00 6.178736568966709974e+00 6.080622829176657973e+00
6.897234233708639195e+00 4.451877343839226953e+00 6.235679816732438319e+00 3.023752325249441597e+00 3.041284886174021374e+00 3.398943968517580849e+00
5.240211217249075126e+00 2.317213905477277791e+00 4.264647881646465244e+00 7.695639107936071532e+00 7.050483778648177768e+00 7.266924815382645342e+00
2.983134218629766465e+00 2.245554784223754652e+00 3.195012748636253175e+00 6.439164780766359897e+00 6.078736568966710330e+00 5.980622829176658328e+00
6.797234233708639550e+00 4.451877343839226953e+00 6.235679816732438319e+00 2.923752325249441952e+00 2.941284886174021729e+00 3.298943968517581204e+00
5.240211217249075126e+00 2.217213905477277702e+00 4.164647881646464711e+00 7.595639107936070999e+00 6.950483778648177235e+00 7.166924815382644809e+00
2.883134218629766377e+00 2.145554784223754563e+00 3.195012748636253175e+00 6.439164780766359897e+00 6.078736568966710330e+00 5.880622829176658684e+00
6.697234233708639906e+00 4.451877343839226953e+00 6.235679816732438319e+00 2.823752325249441864e+00 2.841284886174021640e+00 3.198943968517581116e+00
5.240211217249075126e+00 2.217213905477277702e+00 4.164647881646464711e+00 7.495639107936071355e+00 6.850483778648177591e+00 7.066924815382645164e+00
2.883134218629766377e+00 2.045554784223754474e+00 3.195012748636253175e+00 6.439164780766359897e+00 6.078736568966710330e+00 5.780622829176658151e+00
6.597234233708639373e+00 4.451877343839226953e+00 6.235679816732438319e+00 2.723752325249441775e+00 2.841284886174021640e+00 3.098943968517581027e+00
5.240211217249075126e+00 2.217213905477277702e+00 4.164647881646464711e+00 7.395639107936071710e+00 6.750483778648177946e+00 6.966924815382645519e+00
2.883134218629766377e+00 1.945554784223754607e+00 3.195012748636253175e+00 6.439164780766359897e+00 6.078736568966710330e+00 5.680622829176658506e+00
6.497234233708639728e+00 4.451877343839226953e+00 6.235679816732438319e+00 2.623752325249442130e+00 2.841284886174021640e+00 2.998943968517581382e+00
5.240211217249075126e+00 2.217213905477277702e+00 4.164647881646464711e+00 7.395639107936071710e+00 6.750483778648177946e+00 6.866924815382644987e+00
2.883134218629766377e+00 1.845554784223754519e+00 3.195012748636253175e+00 6.439164780766359897e+00 6.078736568966710330e+00 5.680622829176658506e+00
6.397234233708639195e+00 4.451877343839226953e+00 6.235679816732438319e+00 2.523752325249441597e+00 2.841284886174021640e+00 2.898943968517580849e+00
5.240211217249075126e+00 2.217213905477277702e+00 4.164647881646464711e+00 7.395639107936071710e+00 6.750483778648177946e+00 6.766924815382645342e+00
2.883134218629766377e+00 1.745554784223754430e+00 3.195012748636253175e+00 6.439164780766359897e+00 6.078736568966710330e+00 5.680622829176658506e+00
6.297234233708639550e+00 4.451877343839226953e+00 6.235679816732438319e+00 2.423752325249441952e+00 2.841284886174021640e+00 2.798943968517581204e+00
5.240211217249075126e+00 2.217213905477277702e+00 4.164647881646464711e+00 7.395639107936071710e+00 6.750483778648177946e+00 6.666924815382644809e+00
2.883134218629766377e+00 1.645554784223754341e+00 3.195012748636253175e+00 6.439164780766359897e+00 6.078736568966710330e+00 5.680622829176658506e+00
6.197234233708639017e+00 4.451877343839226953e+00 6.235679816732438319e+00 2.423752325249441952e+00 2.841284886174021640e+00 2.698943968517580672e+00
5.240211217249075126e+00 2.217213905477277702e+00 4.164647881646464711e+00 7.395639107936071710e+00 6.750483778648177946e+00 6.566924815382645164e+00
2.883134218629766377e+00 1.545554784223754252e+00 3.195012748636253175e+00 6.439164780766359897e+00 6.078736568966710330e+00 5.580622829176657973e+00
6.097234233708639373e+00 4.451877343839226953e+00 6.235679816732438319e+00 2.423752325249441952e+00 2.841284886174021640e+00 2.598943968517581027e+00
5.240211217249075126e+00 2.217213905477277702e+00 4.164647881646464711e+00 7.395639107936071710e+00 6.750483778648177946e+00 6.466924815382644631e+00
2.883134218629766377e+00 1.545554784223754252e+00 3.195012748636253175e+00 6.439164780766359897e+00 6.078736568966710330e+00 5.580622829176657973e+00
5.997234233708638840e+00 4.451877343839226953e+00 6.235679816732438319e+00 2.423752325249441952e+00 2.841284886174021640e+00 2.498943968517580494e+00
5.240211217249075126e+00 2.217213905477277702e+00 4.164647881646464711e+00 7.395639107936071710e+00 6.750483778648177946e+00 6.466924815382644631e+00
2.883134218629766377e+00 1.545554784223754252e+00 3.195012748636253175e+00 6.439164780766359897e+00 6.078736568966710330e+00 5.580622829176657973e+00
5.997234233708638840e+00 4.451877343839226953e+00 6.235679816732438319e+00 2.423752325249441952e+00 2.841284886174021640e+00 2.398943968517580849e+00
5.240211217249075126e+00 2.217213905477277702e+00 4.164647881646464711e+00 7.395639107936071710e+00 6.750483778648177946e+00 6.466924815382644631e+00
2.883134218629766377e+00 1.545554784223754252e+00 3.195012748636253175e+00 6.439164780766359897e+00 6.078736568966710330e+00 5.580622829176657973e+00
5.997234233708638840e+00 4.451877343839226953e+00 6.235679816732438319e+00 2.423752325249441952e+00 2.841284886174021640e+00 2.298943968517580316e+00
5.240211217249075126e+00 2.217213905477277702e+00 4.164647881646464711e+00 7.395639107936071710e+00 6.750483778648177946e+00 6.466924815382644631e+00
2.883134218629766377e+00 1.545554784223754252e+00 3.195012748636253175e+00 6.439164780766359897e+00 6.078736568966710330e+00 5.580622829176657973e+00
5.997234233708638840e+00 4.451877343839226953e+00 6.235679816732438319e+00 2.423752325249441952e+00 2.841284886174021640e+00 2.198943968517580672e+00
